Car 0 -19.943 -33.199 0.581 1.876 4.886 1.676 0.8348861016734945
Car 0 -159.166 140.821 -0.5 1.937 4.176 2.0 -2.7666530083772725
Bicycle 0 -19.7 39.454 0.089 0.575 1.98 1.069 2.3065085757560606
Pedestrian 0 -3.227 31.055 0.325 0.748 0.676 1.228 -0.3681924695126302
Pedestrian 0 35.718 -15.965 0.381 0.863 0.979 1.978 0.7373907259201802
Pedestrian 0 -116.669 39.742 -0.002 0.798 0.965 1.653 -0.6654560529172828
Pedestrian 0 -129.476 24.339 0.178 0.798 0.965 1.653 2.7507448777451664
Cones 0 10.653 35.032 0.459 0.22 0.253 1.224 0.6699865208270908
Cones 0 48.01 63.23 0.747 0.408 0.834 1.492 0.7856807488172848
Cones 0 47.992 45.919 0.771 0.365 0.61 1.342 0.7856807488172848
Pedestrian 0 -142.389 26.122 -0.002 0.798 0.965 1.653 2.3772443496065936
Pedestrian 0 43.28 -102.271 0.064 0.89 0.979 1.656 0.2870907549597672
Car 0 12.556 -9.226 0.35 1.998 4.691 1.812 0.7189944940203441
Cones 0 11.942 35.509 0.517 0.272 0.235 1.351 0.6699865208270908
Pedestrian 0 -38.111 69.015 0.419 0.639 0.915 1.658 1.4768499290316428
Pedestrian_with_Object 0 15.829 18.465 0.767 0.841 1.155 1.852 2.816252187562811
Car 0 -67.234 19.874 0.112 1.823 4.596 1.649 -2.258374436607575
Pedestrian_with_Object 0 -2.716 24.546 0.498 0.9 0.906 1.628 0.6318651583767976
Other_Vehicle_-_Pedicab 0 12.841 7.743 0.642 1.49 2.484 1.953 0.6737993117477986
Car 0 -85.319 35.694 0.104 2.193 4.712 1.57 -2.310734314167404
Pedestrian 0 4.507 24.786 0.686 0.791 1.009 1.888 -1.1741099217169442
Pedestrian_with_Object 0 9.945 7.464 0.52 0.962 0.992 1.667 0.8759279622974026
Pedestrian 0 -3.771 31.961 0.384 0.748 0.818 1.347 -1.3281235581095183
Bicycle 0 -98.685 143.436 -0.319 0.771 1.645 1.089 2.1678048393672764
Pedestrian 0 66.324 -61.518 -0.083 0.808 0.979 1.75 -2.482761860276774
Pedestrian 0 -132.208 28.44 -0.002 0.798 1.048 1.653 2.0281784992077316
Emergency_Vehicle 0 -30.296 46.729 0.383 2.072 5.196 1.882 0.7023737235405294
Car 0 -83.406 21.962 -0.395 1.916 5.163 1.582 -2.319209218011519
Car 0 -139.091 88.684 -0.649 2.032 4.636 1.688 -2.5887107437916397
Personal_Mobility_Device 0 20.33 4.97 0.355 0.878 1.174 1.163 0.6460747565792839
Car 0 -144.926 99.33 -0.446 1.972 4.868 1.944 -2.658523913871412
Pedestrian_with_Object 0 -3.697 20.928 0.489 0.829 0.933 1.778 2.392210598363879
Pylons 0 -15.535 32.52 0.146 0.436 0.352 1.235 0.675210291194221
Pedestrian 0 -138.868 34.553 -0.052 0.798 0.965 1.653 1.9758358780682947
Cones 0 52.601 66.125 0.747 0.408 0.834 1.492 0.7856807488172848
Pedestrian 0 -133.366 29.777 -0.002 0.798 0.965 1.653 2.0107252066877885
Pedestrian 0 -117.203 40.366 0.098 0.798 0.965 1.653 -0.6858135106519088
Bicycle 0 -20.938 48.874 0.518 0.631 1.741 1.725 0.8518164886954022
Cones 0 35.143 -12.941 0.256 0.256 0.28 1.187 0.4497114706818122
Cones 0 35.279 -12.602 0.256 0.256 0.28 1.187 0.4497114706818122
Pedestrian_with_Object 0 13.131 -2.205 0.569 0.962 0.836 1.909 2.9982474174716782
Car 0 -135.574 82.714 -0.646 2.032 4.636 1.688 -2.5712574512716966
Pedestrian 0 7.859 11.906 0.56 0.791 0.964 1.835 -2.3855043311386623
Pedestrian_with_Object 0 -29.203 1.451 0.818 0.801 1.101 2.057 2.38548036109211
Car 0 -134.956 -18.136 -0.31 1.916 4.909 1.734 -2.336662510531462
Car 0 -131.078 -23.024 -0.21 1.916 4.94 1.734 -2.336662510531462
Pedestrian_with_Object 0 4.874 25.74 0.631 0.757 0.952 1.839 -1.2090165067568304
Car 0 -174.608 159.354 -0.638 2.032 5.013 1.766 -2.5887107437916397
Pedestrian_with_Object 0 16.615 18.044 0.812 0.841 1.155 1.852 2.8511587726026972
Cones 0 51.327 50.543 0.84 0.408 0.965 1.281 0.7856807488172848
Pedestrian 0 -133.09 71.132 -0.002 0.861 0.965 1.653 0.5970081533849368
Bicycle 0 -117.085 116.432 0.084 0.623 2.909 1.345 -0.7424816740279647
Bicycle 0 -117.893 117.627 0.084 0.623 2.909 1.345 -0.7424816740279647
Car 0 -147.995 120.27 -0.294 2.134 4.599 1.695 -2.65728252678472
Bicycle 0 -121.115 121.691 0.084 0.623 2.909 1.345 -0.7075750889880785
Bicycle 0 -114.926 113.238 0.084 0.623 2.909 1.345 -0.7773882590678509
Car 0 -68.149 9.408 -0.244 1.868 4.202 1.337 -2.2144894628918603
Tram_/_Subway 0 22.228 -39.445 1.659 3.138 14.43 3.672 0.7229974066668732
Car 0 -12.152 9.117 0.545 2.254 5.109 1.582 0.6815624175431969
Car 0 29.647 -22.148 0.116 1.852 4.478 1.689 0.7339222951030269
Bus 0 -90.495 -56.92 0.913 3.721 16.467 3.469 -2.3119157292096038
Bicycle 0 -52.53 80.013 -0.073 0.684 1.838 1.202 -2.583276661670562
Bicycle 0 18.127 7.57 0.346 0.603 1.441 1.161 2.251777668414067
Pedestrian_with_Object 0 18.62 2.795 0.649 1.08 1.655 1.746 -2.6125926049812143
Pedestrian_with_Object 0 17.858 1.702 0.57 1.08 1.655 1.688 -2.612590883344717
Pedestrian_with_Object 0 -3.361 20.125 0.441 0.829 0.733 1.681 0.8214142715689823
Pedestrian_with_Object 0 4.887 23.377 0.552 0.694 1.054 1.799 -1.1566566291970046
Pedestrian 0 -132.747 29.103 -0.002 0.798 0.965 1.653 2.0611408739455497
Pedestrian 0 -119.395 34.268 -0.002 0.798 0.965 1.653 -0.6561368667768042
Cones 0 54.28 67.229 0.747 0.408 0.834 1.492 0.7856807488172848
Signs 0 -51.436 14.515 1.575 1.394 0.476 3.651 0.9154351816047519
Car 0 -57.348 1.91 0.289 1.913 4.718 2.08 -2.2319427554118034
Car 0 -21.222 -39.606 0.703 2.498 5.698 2.155 0.8361453567141939
Car 0 -128.5 72.249 -0.633 2.032 4.636 1.688 -2.5363508662318104
Car 0 -84.638 29.921 -0.281 2.29 4.665 1.563 -2.312181073426663
Car 0 11.01 -0.069 0.469 2.912 4.682 1.851 0.7224956244910635
Car 0 -24.847 23.099 0.747 2.028 4.943 1.942 0.7164690025830835
Car 0 -160.228 131.14 -0.538 2.093 5.186 1.766 -2.675977206391355
Pedestrian 0 15.504 11.47 0.826 0.889 0.806 1.965 2.6476023870088374
Pedestrian_with_Object 0 18.183 18.63 0.737 0.9 1.189 1.909 -0.2896661045562432
Pedestrian 0 14.286 2.034 0.516 0.849 0.728 1.66 -2.4007395373298723
Car 0 -2.482 3.394 0.62 2.066 4.319 1.657 0.71879006168094
Car 0 -168.404 147.993 -0.638 2.032 5.013 1.766 -2.658523913871412
Car 0 -111.884 -41.745 -0.54 1.916 4.94 1.573 -2.336662510531462
Pedestrian 0 34.443 -20.376 0.455 0.761 0.791 1.762 -2.37014016230094
Pedestrian 0 64.363 -61.872 -0.083 0.89 0.979 1.75 -2.4216552201895567
Cones 0 12.721 36.095 0.536 0.262 0.225 1.313 0.6699865208270908
Pedestrian 0 -0.989 36.045 0.41 0.748 0.818 1.398 0.8186314218435005
Pedestrian 0 35.192 -16.621 0.381 0.803 0.979 1.978 0.7548440184401235
Pedestrian_with_Object 0 -27.008 -25.817 0.806 0.817 1.038 1.866 -2.117469109053263
Cones 0 49.296 63.794 0.747 0.408 0.834 1.492 0.7856807488172848
Pedestrian 0 -122.78 36.038 -0.002 0.798 0.965 1.653 -0.6104429297789391
Pedestrian 0 -137.885 35.008 -0.102 0.798 0.965 1.653 1.6407195238937302
Cones 0 53.446 66.737 0.747 0.408 0.834 1.492 0.7856807488172848
Pedestrian 0 13.721 -62.622 0.224 0.89 0.979 1.765 0.6815385392875623
Bicycle 0 -120.029 119.652 0.084 0.623 2.909 1.345 -0.7424816740279647
Bicycle 0 -107.362 102.839 0.084 0.623 2.909 1.345 -0.77738825906785
Pedestrian 0 -28.157 1.194 0.806 0.748 0.968 1.866 2.38548036109211
Car 0 -62.927 5.809 -0.038 1.853 5.058 1.635 -2.2319427554118034
Bicycle 0 19.086 7.026 0.378 0.469 1.75 1.278 2.7423181626441386
Car 0 -124.931 67.217 -0.633 2.032 4.636 1.688 -2.501444281191924
Car 0 -162.917 137.164 -0.538 2.09 5.013 1.766 -2.6934304989112983
Pedestrian_with_Object 0 4.596 23.979 0.562 0.694 0.988 1.799 -1.1915632142368908
Cones 0 50.507 64.48 0.747 0.408 0.834 1.492 0.7856807488172848
Cones 0 37.125 -14.717 0.256 0.313 0.28 1.187 0.4497114706818122
Car 0 -46.339 -0.7 0.204 2.198 4.71 1.596 -2.2044503290239685
Car 0 15.995 -23.35 0.175 2.009 4.218 1.327 0.7160151744080646
Car 0 -39.835 -4.024 0.32 1.96 4.314 1.433 -2.2044503290239685
Pedestrian 0 16.295 11.023 0.719 0.666 0.751 1.737 2.9602222430129714
Pedestrian_with_Object 0 13.711 1.514 0.516 0.697 0.831 1.66 -2.365832952289986
Cones 0 13.079 36.331 0.536 0.264 0.254 1.313 0.6699865208270908
Cones 0 11.192 34.983 0.517 0.266 0.237 1.351 0.6699865208270908
Pedestrian 0 -138.443 35.815 -0.05 0.866 0.965 1.748 1.6616520200649434
Pedestrian 0 -122.455 35.606 -0.002 0.798 0.965 1.653 -0.5863265507814424
Cones 0 57.632 67.51 0.752 0.408 0.834 1.357 0.7856807488172848
Cones 0 46.695 44.948 0.771 0.408 0.649 1.342 0.7856807488172848
Cones 0 54.622 67.44 0.747 0.408 0.834 1.492 0.7856807488172848
Cones 0 18.992 10.374 0.458 0.421 0.39 1.217 1.4047135954476726
Bicycle 0 -117.505 117.012 0.084 0.623 2.909 1.345 -0.7424816740279647
Bicycle 0 -106.421 101.654 0.084 0.623 2.909 1.345 -0.77738825906785
Car 0 -35.88 36.437 0.511 1.855 4.438 1.559 0.6836812472551064
Car 0 -127.227 21.21 0.315 1.825 4.593 1.513 2.4345493016193647
Car 0 -141.978 93.511 -0.649 2.032 4.722 1.688 -2.623617328831526
Pedestrian_with_Object 0 45.006 -31.27 0.336 0.89 0.979 1.888 -2.3518420501097843
Pedestrian 0 -129.634 42.164 -0.002 0.798 0.965 1.653 2.1398781984591206
Pedestrian 0 -136.527 18.846 0.128 0.798 0.965 1.653 2.4365856123861906
Bicycle 0 -116.537 115.723 0.084 0.623 2.909 1.345 -0.7424816740279647
Cones 0 37.326 -15.129 0.187 0.313 0.28 1.326 0.4497114706818122
Bicycle 0 -108.829 104.63 0.084 0.623 2.909 1.345 -0.77738825906785
Bicycle 0 -115.972 114.35 0.084 0.623 2.909 1.345 -0.7599349665479078
Bicycle 0 -118.428 118.14 0.084 0.623 2.909 1.345 -0.7424816740279647
Car 0 -79.281 18.103 -0.265 2.083 5.148 1.611 -2.2493960479317465
Pickup_Truck 0 -12.599 -43.713 0.691 2.217 5.481 2.088 -2.2356341267958264
Car 0 -131.394 77.027 -0.683 2.032 4.734 1.688 -2.5363508662318104
Car 0 42.779 -53.846 -0.182 2.021 4.324 1.517 0.7404506991868165
Car 0 -140.466 -8.299 -0.225 1.932 4.264 1.45 -2.2281409486966233
Personal_Mobility_Device 0 -35.974 59.291 0.126 0.587 1.137 1.252 -2.48240012147204
Car 0 -94.82 -58.963 0.2 1.916 4.872 1.754 -2.319209218011519
Cones 0 45.549 43.7 0.676 0.408 0.649 1.152 0.7856807488172848
Cones 0 47.525 46.016 0.771 0.408 0.649 1.342 0.7856807488172848
Pedestrian 0 -121.772 35.157 -0.002 0.798 0.965 1.653 -0.5326992426049069
Pedestrian 0 -141.011 36.684 -0.052 0.798 0.965 1.653 2.11326662944925
Cones 0 51.622 65.316 0.747 0.408 0.834 1.492 0.7856807488172848
Bicycle 0 -109.183 105.285 0.084 0.623 2.909 1.345 -0.7773882590678509
Car 0 -41.314 53.592 0.248 1.82 4.701 1.51 0.664058052848395
Car 0 -9.39 15.981 0.325 1.962 4.451 1.562 0.6431624282468282
Car 0 -138.972 173.296 -0.118 1.997 4.048 1.479 0.6438118184851669
Car 0 -116.654 161.662 -0.078 2.037 4.697 2.031 0.6484090157353012
Car 0 -139.625 192.706 -0.666 1.927 4.217 1.56 0.6484090157353012
Car 0 -10.891 -41.119 0.426 1.865 4.251 1.565 0.7976503747295185
Pedestrian 0 -2.998 32.529 0.429 0.748 0.818 1.435 -2.776746837264813
Pedestrian 0 -1.748 36.61 0.385 0.748 0.818 1.348 -2.3229612317462927
Cones 0 45.002 42.789 0.806 0.408 0.755 1.411 0.7856807488172848
Car 0 -46.64 -5.647 0.191 1.771 4.997 1.593 -2.144676292812088
Pedestrian 0 -2.418 31.593 0.368 0.748 0.676 1.313 1.0629775171227198
Personal_Mobility_Device 0 -27.43 47.276 0.157 0.609 1.155 1.251 0.6719473981291201
Cones 0 55.765 67.641 0.747 0.408 0.834 1.492 0.7856807488172848
Motorized_Scooter 0 -89.924 80.769 0.155 0.671 1.316 1.158 0.5865447889400128
Pedestrian 0 67.19 -64.076 -0.336 0.836 0.877 1.75 -2.5263749753092153
Bicycle 0 -119.536 119.183 0.084 0.623 2.909 1.345 -0.7424816740279647
Pedestrian 0 24.877 -70.077 -0.043 0.89 0.979 1.63 0.6152176782805769
Car 0 -88.818 26.691 -0.547 1.932 5.146 1.561 -2.319209218011519
Car 0 -74.588 14.323 -0.188 1.842 4.755 1.676 -2.2144894628918603
Car 0 -28.637 33.812 0.431 1.808 3.844 1.547 0.6990157100631402
Car 0 -37.39 -1.517 0.616 1.987 4.674 1.783 -2.1695437439840823
Cones 0 10.887 34.68 0.256 0.381 0.392 0.717 0.6699865208270908
Bicycle 0 -20.151 39.866 0.08 0.575 1.806 1.069 2.3065085757560606
Medium-sized_Truck 0 -147.826 105.324 -0.158 2.104 5.247 2.095 -2.7108837914312414
Cones 0 11.538 35.252 0.517 0.257 0.284 1.351 0.6699865208270908
Cones 0 12.364 35.822 0.536 0.254 0.229 1.313 0.6699865208270908
Car 0 -135.606 100.627 -0.308 1.997 4.465 1.617 -2.6416877980267133
Car 0 -107.741 -45.766 -0.54 1.916 4.5 1.573 -2.336662510531462
Car 0 -88.591 -64.487 -0.05 1.916 4.872 1.754 -2.354115803051405
Pedestrian 0 -130.18 42.824 -0.002 0.861 0.965 1.653 2.146860430717929
Pedestrian 0 -42.993 -22.338 1.401 0.824 1.313 1.897 -2.2850181167034163
Signs 0 0.463 14.496 1.294 0.732 0.287 3.3 -2.433010127430269
Car 0 69.547 -131.08 0.167 2.148 4.324 1.635 -2.4011419544029766
Bicycle 0 -103.482 98.224 0.084 0.623 2.909 1.345 -0.77738825906785
Bicycle 0 -114.439 112.686 0.084 0.623 2.909 1.345 -0.7773882590678509
Bicycle 0 -119.031 118.703 0.084 0.623 2.909 1.345 -0.7424816740279647
Medium-sized_Truck 0 -17.915 -38.503 1.563 2.755 7.054 3.983 -2.2705407118357126
Car 0 -165.75 142.652 -0.638 2.09 5.013 1.766 -2.6934304989112983
Car 0 25.432 -23.997 0.157 2.004 4.103 1.549 0.7229974066668732
Car 0 -157.731 125.639 -0.538 2.09 5.127 1.766 -2.6934304989112983
Bicycle 0 -99.161 144.115 -0.371 0.771 1.68 1.14 2.1678048393672764
Pedestrian 0 -138.27 33.878 -0.052 0.798 0.965 1.653 1.9060095779901272
Signs 0 -63.577 3.431 1.141 1.355 0.398 3.602 0.9187552490447326
Pedestrian 0 24.121 -70.586 0.207 0.89 0.979 1.63 0.5977643857606336
Cones 0 35.497 -13.054 0.256 0.256 0.28 1.187 0.4497114706818122
Bicycle 0 -107.845 103.336 0.084 0.623 2.909 1.345 -0.77738825906785
Car 0 -179.366 164.095 -0.156 2.032 4.385 1.602 -2.5887107437916397
Pedestrian 0 14.258 -61.791 0.936 0.89 0.979 1.63 0.6850308483603502
Bicycle 0 -120.71 121.073 0.037 0.623 2.909 1.439 -0.7075750889880785
Pedestrian 0 44.212 -102.414 0.057 0.89 0.979 1.63 0.10907062254042418
Bicycle 0 -108.253 104.035 0.084 0.623 2.909 1.345 -0.77738825906785
Pedestrian 0 42.764 -101.403 0.057 0.89 0.979 1.63 0.1614305001002529
Car 0 -103.372 124.136 -0.036 1.855 4.503 1.316 0.6998019808832681
Pedestrian 0 -26.174 -25.267 0.467 0.753 1.34 1.866 -2.2127642425435505
Bus 0 -191.163 -18.37 0.142 3.437 12.977 3.727 2.3463675325718882
Cones 0 34.252 -11.745 0.256 0.256 0.28 1.187 0.4497114706818122
Bicycle 0 -106.911 102.316 0.084 0.623 2.909 1.345 -0.77738825906785
Cones 0 30.565 -6.584 0.256 0.256 0.28 1.187 2.1950407226761417
Bus 0 -96.222 -38.687 1.034 3.051 13.194 3.711 0.7497594125081662
Pedestrian 0 29.774 -7.965 0.231 0.863 0.979 1.978 -2.491468390269328
Bicycle 0 -115.458 113.779 0.084 0.623 2.909 1.345 -0.7773882590678509
Bicycle 0 -121.646 122.118 0.126 0.623 2.909 1.431 -0.7075750889880785
Car 0 -101.052 127.906 -0.187 1.957 4.396 1.62 0.6474421033234381
Car 0 -108.528 132.678 0.339 1.901 4.395 1.538 0.6784278061932226
Car 0 -107.451 53.447 -0.521 2.036 4.406 1.586 -2.4343541210662645
Pedestrian 0 -44.904 76.978 0.31 0.647 0.8 1.621 -2.4248991627731558
Pedestrian 0 -66.856 103.634 0.102 0.842 0.965 1.762 -2.425902209507216
Pedestrian 0 -94.219 151.987 0.263 1.074 1.257 1.852 -2.586472958316108
Car 0 -19.846 33.957 0.137 1.891 4.823 1.562 0.8070934786601893
Car 0 -124.906 164.33 -0.132 1.934 4.234 1.628 0.6798244846457836
Pedestrian_with_Object 0 -36.365 63.981 0.485 0.837 0.862 1.857 -2.468421660449372
Car 0 -73.847 19.643 -0.025 2.106 5.098 2.131 -2.261865552736979
Car 0 -87.42 114.525 -0.182 2.07 5.226 1.651 0.6380321606692694
Pedestrian_with_Object 0 -74.274 102.679 0.063 0.842 0.965 1.884 2.2027114244071626
Pedestrian_with_Object 0 -43.478 98.915 0.652 0.798 0.965 1.902 -0.8027458604322391
Car 0 -68.878 85.192 0.2 1.996 4.287 1.83 0.6281439977907497
Pedestrian 0 -32.93 60.376 0.456 0.703 0.853 1.794 -2.408719225323141
Car 0 -53.922 13.409 0.218 2.149 4.954 1.896 -2.107185942269785
Pedestrian_with_Object 0 -47.94 85.356 0.422 0.706 0.935 1.902 0.7680503216424073
Pedestrian 0 -90.809 73.712 0.572 0.798 1.048 1.941 2.234125700374261
Pedestrian_with_Object 0 -92.113 78.966 0.572 1.097 1.048 1.941 -1.3228536646213787
Pedestrian_with_Object 0 -67.478 96.829 0.126 0.842 0.965 1.81 2.447057519686366
Pedestrian 0 -48.888 85.134 0.372 0.798 0.965 1.902 0.7855036141623506
Pedestrian 0 -88.091 143.371 0.163 1.074 1.257 1.852 -2.5969440185772426
Pedestrian 0 -35.146 73.224 0.672 0.929 0.83 1.902 0.8954580824563328
Pedestrian 0 -87.051 144.064 0.161 1.074 1.257 1.836 -2.541093024888009
Pedestrian 0 -97.992 69.388 0.158 1.014 0.965 1.902 -0.9249165352834368
Pedestrian 0 -86.247 44.259 0.222 0.862 1.131 1.902 -2.370030312281331
Car 0 -120.916 149.558 0.193 1.901 4.395 1.7 0.64701233728274
Car 0 -83.421 105.107 -0.044 1.993 4.962 1.753 0.6519943370598085
Car 0 -113.482 65.877 -0.449 2.207 4.946 1.494 -2.4670367415945167
Pedestrian 0 -27.07 52.376 0.602 0.83 0.853 1.885 -2.5064567481839912
Pedestrian 0 -59.526 90.364 0.172 0.828 0.965 1.902 1.3579723990667245
Pedestrian 0 -88.293 144.494 0.163 1.074 1.257 1.852 -2.555055201278548
Pedestrian_with_Object 0 -68.166 97.348 0.181 0.842 0.965 1.92 2.447057519686366
Car 0 -50.847 65.651 0.512 1.817 3.845 2.175 0.6461907022572462
Pedestrian_with_Object 0 -44.641 71.487 0.401 0.91 0.692 1.876 -2.321176958073271
Pedestrian_with_Object 0 -87.845 69.028 0.341 0.692 0.597 1.64 -0.9934160716924119
Car 0 -49.497 6.855 0.558 2.149 5.029 1.977 -2.1815810993624787
Car 0 -46.382 67.757 0.125 1.897 4.837 1.479 0.6212167859878872
Pedestrian 0 -8.06 20.369 0.518 0.722 0.702 1.807 -0.8099731532469985
Car 0 -89.915 109.594 -0.248 1.855 4.503 1.316 0.6125355182835515
Pedestrian 0 -35.231 64.708 0.572 0.76 0.773 1.902 0.8081974343661803
Pedestrian 0 -33.327 59.791 0.456 0.703 0.732 1.794 -2.42268140171368
Pedestrian 0 -85.272 136.307 0.163 1.074 1.257 1.852 0.631915097612266
Pedestrian 0 -45.855 82.889 0.422 0.798 0.935 1.902 0.750597029122464
Pedestrian_with_Object 0 -72.52 101.18 -0.009 0.798 0.965 1.74 2.2027114244071626
Pedestrian_with_Object 0 -72.032 108.684 0.14 1.074 1.257 1.794 -2.9599720453666434
Pedestrian 0 -96.475 67.199 0.322 0.798 0.965 1.902 2.2027114244071626
Pedestrian_with_Object 0 -81.236 119.311 0.04 1.147 1.257 1.794 -2.5794907260572995
Pedestrian 0 -86.306 134.452 0.278 1.137 1.257 2.081 0.631915097612266
Pedestrian_with_Object 0 -81.211 90.827 0.322 0.798 0.965 1.902 -0.9388812291826305
Pedestrian 0 -97.452 87.47 0.454 0.798 0.965 2.014 -0.36641258899850637
Car 0 -104.832 137.358 -0.245 1.987 4.346 1.493 0.6484090157353012
Pedestrian 0 -73.355 101.616 0.063 0.842 0.965 1.884 2.2027114244071626
Pedestrian_with_Object 0 -63.465 90.097 0.022 0.798 0.965 1.902 0.8622965369482747
Car 0 -144.465 185.249 -0.29 2.04 4.071 1.516 0.6658623082552446
Car 0 -129.45 174.125 -0.362 2.006 4.246 1.679 0.6484090157353012
Pedestrian 0 -46.305 82.185 0.422 0.798 0.935 1.902 0.7715414377718115
Pedestrian 0 -88.475 134.035 0.196 1.074 1.257 1.906 -2.7714746556495955
Pedestrian 0 -121.799 176.589 0.063 1.074 1.257 1.852 0.6458772740028051
Pedestrian 0 -89.473 133.362 0.14 1.16 1.257 1.794 -2.7086437178286316
Car 0 -48.914 53.346 0.377 1.781 4.631 1.485 0.6636439947771895
Pedestrian 0 -37.768 68.0 0.572 0.895 0.773 1.902 1.7646344148874327
Animals_-_Other 0 -47.231 85.753 -0.121 0.496 1.083 0.816 0.8273924314610457
Pedestrian 0 -89.837 77.361 0.439 0.798 1.048 1.906 2.2027114244071626
Pedestrian_with_Object 0 -82.104 118.569 0.14 1.074 1.257 1.794 -2.5794907260572995
Pedestrian 0 -82.771 71.177 0.656 0.803 1.174 1.709 -0.8350489699755963
Pedestrian_with_Object 0 -6.5 18.38 0.498 0.827 0.722 1.931 2.3082521596573837
Pedestrian 0 -36.536 65.375 0.572 0.76 0.83 1.902 0.785193485148215
Pedestrian_with_Object 0 -59.221 91.419 0.172 0.842 0.965 1.902 1.2078760199851841
Pedestrian_with_Object 0 -82.967 52.31 1.102 0.977 0.965 1.494 0.6039902457383712
Pedestrian 0 -67.588 103.049 0.27 0.888 0.965 1.899 -2.4224110933778116
Bus 0 -77.035 90.71 1.525 3.198 13.554 4.269 0.6380321606692693
Pedestrian 0 -40.362 64.007 0.415 0.769 0.774 1.931 2.5847462282817415
Pedestrian 0 -133.842 70.668 -0.002 0.861 0.965 1.653 0.5995457453796607
Pedestrian 0 -87.243 135.269 0.163 1.074 1.257 1.852 0.6388971068374799
Pedestrian 0 -86.408 135.986 0.187 1.074 1.257 1.899 0.6493683901322094
Pedestrian 0 -109.542 167.51 0.14 1.074 1.257 1.794 0.614461805092323
Pedestrian 0 -93.338 152.67 0.263 1.074 1.257 1.852 -2.5794907260572995
Car 0 -62.507 71.144 0.256 1.875 4.369 1.59 0.6281439977907497
Car 0 -63.628 83.949 0.043 2.025 4.564 1.513 0.645597290310693
Pedestrian 0 -44.566 77.621 0.266 0.758 0.813 1.621 -2.4388601462203106
Pedestrian_with_Object 0 -58.211 90.314 0.172 0.798 1.04 1.902 1.0438127112077116
Pedestrian_with_Object 0 -57.273 90.593 0.172 0.798 0.965 1.902 1.1939118521636238
Pedestrian 0 -89.727 78.456 0.572 0.798 1.048 1.941 2.2027114244071626
Pedestrian 0 -36.021 65.848 0.502 0.594 0.773 1.902 0.7697986300414833
Pedestrian 0 -35.596 66.304 0.502 0.76 0.773 1.902 0.7715441881061853
Pedestrian 0 -35.694 72.543 0.572 0.798 0.935 1.902 0.8972037594809295
Pedestrian_with_Object 0 -68.632 98.747 0.102 0.842 1.274 1.762 2.3946976421265367
Pedestrian 0 -27.886 43.463 0.463 0.958 0.872 1.807 -2.24742108927504
Pedestrian_with_Object 0 -86.369 73.534 0.572 0.798 0.965 1.902 -0.9388812291826305
Pedestrian_with_Object 0 -78.069 85.382 0.372 0.798 0.965 1.902 -0.9388812291826305
Pedestrian_with_Object 0 -63.124 90.793 0.172 0.798 0.965 1.902 0.8762594138237547
Pedestrian 0 -97.945 149.069 0.163 1.074 1.257 1.852 0.6493683901322094
Pedestrian_with_Object 0 -78.756 87.114 0.4 0.798 1.037 1.946 -0.9388812291826305
Pedestrian 0 -57.594 30.94 0.475 0.846 1.093 1.45 2.2536298002954323
Pedestrian 0 -102.83 149.357 0.14 1.074 1.257 1.794 -2.5620374335373564
Pedestrian 0 -144.911 136.628 0.14 1.102 0.925 1.794 -2.841292401983524
Pedestrian 0 -103.085 113.774 0.379 0.798 0.965 1.911 -0.8865213516228012
Pedestrian 0 -96.794 86.908 0.372 0.798 0.965 1.902 -0.3629225760245083
Pedestrian 0 -82.773 93.12 0.323 0.798 0.965 1.8 -0.9388812291826305
Pedestrian 0 -98.828 106.609 0.379 0.798 0.965 1.911 -0.9039746441427443
Pedestrian 0 -82.214 92.5 0.322 0.798 0.965 1.902 -0.9388812291826305
Pedestrian_with_Object 0 -95.376 104.207 0.464 0.798 1.199 2.082 -0.9039746441427443
