Car 0 -19.943 -33.199 0.581 1.876 4.886 1.676 0.8348861016734945
Bicycle 0 -19.7 39.454 0.089 0.575 1.98 1.069 2.3065085757560606
Pedestrian 0 41.579 -23.334 0.381 0.863 0.979 1.978 0.7024841408802935
Pedestrian 0 -126.865 30.674 0.176 0.798 0.965 1.653 2.5936652450656785
Cones 0 10.653 35.032 0.459 0.22 0.253 1.224 0.6699865208270908
Pedestrian 0 -140.682 35.889 0.008 0.969 0.965 1.653 1.8745895117089666
Cones 0 48.01 63.23 0.747 0.408 0.834 1.492 0.7856807488172848
Cones 0 47.992 45.919 0.771 0.365 0.61 1.342 0.7856807488172848
Car 0 57.428 -60.327 -0.1 1.998 4.691 1.812 0.7015412015004008
Cones 0 11.942 35.509 0.517 0.272 0.235 1.351 0.6699865208270908
Pedestrian_with_Object 0 18.831 28.171 0.762 0.841 1.155 1.852 2.7638923100029817
Pedestrian_with_Object 0 4.534 19.022 0.498 0.9 0.906 1.628 0.9634777162557201
Other_Vehicle_-_Pedicab 0 12.841 7.743 0.642 1.49 2.484 1.953 0.6737993117477986
Pedestrian 0 -1.644 23.977 0.586 0.791 1.009 1.888 -2.0816811327539906
Pedestrian 0 38.576 -27.525 0.174 0.89 0.979 1.765 -2.334388757589841
Pedestrian_with_Object 0 16.677 1.168 0.512 0.962 0.992 1.667 0.8410213772575159
Pedestrian 0 -3.771 31.961 0.384 0.748 0.818 1.347 -1.3281235581095183
Bicycle 0 -98.685 143.436 -0.319 0.771 1.645 1.089 2.1678048393672764
Pedestrian 0 59.492 -54.414 -0.083 0.808 0.979 1.75 -2.4042019276696136
Emergency_Vehicle 0 -30.296 46.729 0.383 2.072 5.196 1.882 0.7023737235405294
Car 0 -83.406 21.962 -0.395 1.916 5.163 1.582 -2.319209218011519
Car 0 -139.091 88.684 -0.649 2.032 4.636 1.688 -2.5887107437916397
Personal_Mobility_Device 0 20.33 4.97 0.355 0.878 1.174 1.163 0.6460747565792839
Car 0 -144.926 99.33 -0.446 1.972 4.868 1.944 -2.658523913871412
Pedestrian_with_Object 0 -3.817 20.799 0.489 0.829 0.933 1.778 2.392210598363879
Pylons 0 -15.535 32.52 0.146 0.436 0.352 1.235 0.675210291194221
Cones 0 52.601 66.125 0.747 0.408 0.834 1.492 0.7856807488172848
Car 0 95.058 -139.397 0.156 2.227 4.324 1.837 -2.4535018319628064
Bicycle 0 -1.063 25.371 0.518 0.631 1.741 1.725 1.3370244275056438
Pedestrian 0 48.512 -35.957 0.162 0.912 0.979 1.64 -2.508921682789272
Pedestrian 0 49.477 62.314 0.726 0.849 0.954 1.965 -0.16587094932598845
Pedestrian 0 79.713 81.005 0.762 1.012 1.155 1.852 -0.9012991191851043
Cones 0 35.143 -12.941 0.256 0.256 0.28 1.187 0.4497114706818122
Cones 0 35.279 -12.602 0.256 0.256 0.28 1.187 0.4497114706818122
Car 0 -135.574 82.714 -0.646 2.032 4.636 1.688 -2.5712574512716966
Pedestrian 0 1.56 19.951 0.56 0.791 0.964 1.835 -2.4762608067123755
Pedestrian_with_Object 0 -29.203 1.451 0.818 0.801 1.101 2.057 2.38548036109211
Car 0 -134.956 -18.136 -0.31 1.916 4.909 1.734 -2.336662510531462
Car 0 -131.078 -23.024 -0.21 1.916 4.94 1.734 -2.336662510531462
Pedestrian_with_Object 0 -1.297 24.55 0.562 0.757 0.952 1.839 -2.0642278402340475
Car 0 -174.608 159.354 -0.638 2.032 5.013 1.766 -2.5887107437916397
Pedestrian_with_Object 0 19.488 27.704 0.812 0.841 1.155 1.852 2.8511587726026972
Cones 0 51.327 50.543 0.84 0.408 0.965 1.281 0.7856807488172848
Pedestrian 0 -128.034 64.987 -0.002 0.861 0.965 1.653 0.6598408317411324
Pedestrian 0 76.263 80.232 0.762 1.012 1.155 1.852 -0.7616727790255595
Bicycle 0 -117.085 116.432 0.084 0.623 2.909 1.345 -0.7424816740279647
Bicycle 0 -117.893 117.627 0.084 0.623 2.909 1.345 -0.7424816740279647
Bicycle 0 -121.115 121.691 0.084 0.623 2.909 1.345 -0.7075750889880785
Bicycle 0 -114.926 113.238 0.084 0.623 2.909 1.345 -0.7773882590678509
Car 0 -68.149 9.408 -0.244 1.868 4.202 1.337 -2.2144894628918603
Tram_/_Subway 0 22.228 -39.445 1.659 3.138 14.43 3.672 0.7229974066668732
Car 0 43.015 -54.327 0.285 2.254 5.109 1.582 0.6990157100631402
Car 0 37.29 -31.008 0.116 1.852 4.478 1.689 0.6641091250232536
Bus 0 -109.622 -38.466 0.913 3.721 16.467 3.469 -2.3660214478128014
Bicycle 0 -52.53 80.013 -0.073 0.684 1.838 1.202 -2.583276661670562
Bicycle 0 18.127 7.57 0.346 0.603 1.441 1.161 2.251777668414067
Pedestrian_with_Object 0 15.638 10.793 0.649 1.08 1.655 1.746 3.0335466204632895
Pedestrian_with_Object 0 14.669 10.893 0.57 1.08 1.655 1.688 3.0509999129832326
Pedestrian_with_Object 0 -3.361 20.125 0.441 0.829 0.733 1.681 0.8214142715689823
Pedestrian_with_Object 0 -2.4 22.714 0.552 0.694 1.054 1.799 -2.2038541803935905
Cones 0 54.28 67.229 0.747 0.408 0.834 1.492 0.7856807488172848
Pedestrian 0 88.092 -84.656 -0.186 0.836 0.877 1.75 -2.5263749753092153
Signs 0 -51.436 14.515 1.575 1.394 0.476 3.651 0.9154351816047519
Car 0 -57.348 1.91 0.289 1.913 4.718 2.08 -2.2319427554118034
Car 0 -21.222 -39.606 0.703 2.498 5.698 2.155 0.8361453567141939
Car 0 -128.5 72.249 -0.633 2.032 4.636 1.688 -2.5363508662318104
Car 0 11.308 -0.408 0.469 2.912 4.682 1.851 0.7224956244910635
Car 0 26.086 -34.854 0.587 2.028 4.943 1.942 0.7164690025830835
Car 0 -160.228 131.14 -0.538 2.093 5.186 1.766 -2.675977206391355
Pedestrian 0 20.203 17.028 0.826 0.889 0.806 1.965 2.3823097585857393
Pedestrian_with_Object 0 16.634 8.082 0.638 0.9 1.189 1.909 0.1257196752984411
Pedestrian 0 9.022 8.436 0.516 0.849 0.728 1.66 -2.540365877489417
Car 0 40.078 -45.256 0.284 2.066 4.319 1.657 0.7379889122655854
Car 0 -168.404 147.993 -0.638 2.032 5.013 1.766 -2.658523913871412
Car 0 -111.884 -41.745 -0.54 1.916 4.94 1.573 -2.336662510531462
Pedestrian 0 27.224 -12.156 0.455 0.761 0.791 1.762 -2.544673087500371
Pedestrian 0 58.813 -54.976 -0.083 0.89 0.979 1.75 -2.456561805229443
Cones 0 12.721 36.095 0.536 0.262 0.225 1.313 0.6699865208270908
Pedestrian 0 40.953 -23.869 0.381 0.803 0.979 1.978 0.7199374334002369
Pedestrian_with_Object 0 -33.071 -23.122 0.806 0.817 1.038 1.866 -1.8033098436942874
Cones 0 49.296 63.794 0.747 0.408 0.834 1.492 0.7856807488172848
Pedestrian 0 -131.286 38.86 -0.102 0.798 0.965 1.653 2.289977887006878
Cones 0 53.446 66.737 0.747 0.408 0.834 1.492 0.7856807488172848
Pedestrian 0 19.799 -69.809 0.224 0.89 0.979 1.765 0.7024841408802935
Bicycle 0 -120.029 119.652 0.084 0.623 2.909 1.345 -0.7424816740279647
Bicycle 0 -107.362 102.839 0.084 0.623 2.909 1.345 -0.77738825906785
Pedestrian 0 -28.157 1.194 0.806 0.748 0.968 1.866 2.38548036109211
Car 0 -62.927 5.809 -0.038 1.853 5.058 1.635 -2.2319427554118034
Bicycle 0 19.086 7.026 0.378 0.469 1.75 1.278 2.7423181626441386
Car 0 -124.931 67.217 -0.633 2.032 4.636 1.688 -2.501444281191924
Car 0 -162.917 137.164 -0.538 2.09 5.013 1.766 -2.6934304989112983
Pedestrian_with_Object 0 -2.228 23.462 0.552 0.694 0.988 1.799 -2.4307469831528508
Cones 0 50.507 64.48 0.747 0.408 0.834 1.492 0.7856807488172848
Cones 0 37.125 -14.717 0.256 0.313 0.28 1.187 0.4497114706818122
Car 0 67.388 -82.653 -0.292 2.009 4.218 1.327 0.722997406666873
Car 0 -71.036 17.826 -0.021 1.96 4.314 1.433 -2.1695437439840823
Pedestrian 0 20.774 16.692 0.719 0.666 0.751 1.737 2.349357004814963
Pedestrian_with_Object 0 8.48 7.859 0.516 0.697 0.831 1.66 -2.540365877489417
Cones 0 13.079 36.331 0.536 0.264 0.254 1.313 0.6699865208270908
Cones 0 11.192 34.983 0.517 0.266 0.237 1.351 0.6699865208270908
Pedestrian 0 -131.162 40.102 -0.05 0.866 0.965 1.748 2.289977887006878
Pedestrian 0 -126.512 28.487 -0.002 0.798 0.965 1.653 -0.6596285488635409
Cones 0 57.632 67.51 0.752 0.408 0.834 1.357 0.7856807488172848
Cones 0 46.695 44.948 0.771 0.408 0.649 1.342 0.7856807488172848
Cones 0 54.622 67.44 0.747 0.408 0.834 1.492 0.7856807488172848
Cones 0 18.992 10.374 0.458 0.421 0.39 1.217 1.4047135954476726
Bicycle 0 -117.505 117.012 0.084 0.623 2.909 1.345 -0.7424816740279647
Bicycle 0 -106.421 101.654 0.084 0.623 2.909 1.345 -0.77738825906785
Car 0 2.195 -7.739 0.623 1.855 4.438 1.559 0.7011345397750497
Car 0 -127.227 21.21 0.315 1.825 4.593 1.513 2.4345493016193647
Car 0 -141.978 93.511 -0.649 2.032 4.722 1.688 -2.623617328831526
Pedestrian 0 65.196 -57.926 0.073 0.89 0.979 1.762 0.545397345570247
Pedestrian 0 47.773 -36.485 0.162 0.89 0.979 1.64 -2.491468390269329
Pedestrian_with_Object 0 38.951 -25.441 0.336 0.89 0.979 1.888 -2.299482172549955
Pedestrian 0 80.356 80.162 0.762 1.012 1.155 1.852 -0.9187524117050474
Car 0 109.305 -149.503 0.156 2.227 4.324 1.837 -2.401141954402977
Bicycle 0 -116.537 115.723 0.084 0.623 2.909 1.345 -0.7424816740279647
Cones 0 37.326 -15.129 0.187 0.313 0.28 1.326 0.4497114706818122
Bicycle 0 -108.829 104.63 0.084 0.623 2.909 1.345 -0.77738825906785
Bicycle 0 -115.972 114.35 0.084 0.623 2.909 1.345 -0.7599349665479078
Bicycle 0 -118.428 118.14 0.084 0.623 2.909 1.345 -0.7424816740279647
Car 0 -79.281 18.103 -0.265 2.083 5.148 1.611 -2.2493960479317465
Pickup_Truck 0 -12.599 -43.713 0.691 2.217 5.481 2.088 -2.2356341267958264
Car 0 -131.394 77.027 -0.683 2.032 4.734 1.688 -2.5363508662318104
Car 0 91.612 -109.115 -0.374 2.021 4.324 1.517 0.7404506991868165
Car 0 82.647 -94.711 -0.085 2.289 4.63 1.628 0.7055441141469299
Personal_Mobility_Device 0 -35.974 59.291 0.126 0.587 1.137 1.252 -2.48240012147204
Car 0 -94.82 -58.963 0.2 1.916 4.872 1.754 -2.319209218011519
Cones 0 45.549 43.7 0.676 0.408 0.649 1.152 0.7856807488172848
Cones 0 47.525 46.016 0.771 0.408 0.649 1.342 0.7856807488172848
Cones 0 51.622 65.316 0.747 0.408 0.834 1.492 0.7856807488172848
Bicycle 0 -109.183 105.285 0.084 0.623 2.909 1.345 -0.7773882590678509
Car 0 1.486 2.729 0.414 1.82 4.701 1.51 0.7024557540176859
Car 0 30.138 -29.843 0.142 1.962 4.451 1.562 0.6815624175431969
Car 0 -101.256 125.015 0.182 1.997 4.048 1.479 0.6961716960449971
Car 0 -116.654 161.662 -0.078 2.037 4.697 2.031 0.6484090157353012
Car 0 -139.625 192.706 -0.666 1.927 4.217 1.56 0.6484090157353012
Car 0 -10.891 -41.119 0.426 1.865 4.251 1.565 0.7976503747295185
Pedestrian 0 -2.998 32.529 0.429 0.748 0.818 1.435 -2.776746837264813
Pedestrian 0 46.277 59.12 0.726 0.799 0.806 1.965 -0.4102170446051918
Cones 0 45.002 42.789 0.806 0.408 0.755 1.411 0.7856807488172848
Car 0 -46.64 -5.647 0.191 1.771 4.997 1.593 -2.144676292812088
Pedestrian_with_Object 0 20.94 -5.417 0.477 0.721 0.762 1.725 -2.3819607859370815
Pedestrian 0 -2.421 31.588 0.368 0.748 0.676 1.313 1.0629775171227198
Personal_Mobility_Device 0 -27.43 47.276 0.157 0.609 1.155 1.251 0.6719473981291201
Pedestrian 0 47.069 -32.171 0.212 0.89 0.979 1.64 -2.5961881453889877
Cones 0 55.765 67.641 0.747 0.408 0.834 1.492 0.7856807488172848
Motorized_Scooter 0 -89.924 80.769 0.155 0.671 1.316 1.158 0.5865447889400128
Pedestrian 0 66.705 -63.397 -0.336 0.836 0.877 1.75 -2.5263749753092153
Bicycle 0 -119.536 119.183 0.084 0.623 2.909 1.345 -0.7424816740279647
Pedestrian 0 29.147 -78.077 -0.043 0.89 0.979 1.63 0.7199374334002369
Car 0 -88.818 26.691 -0.547 1.932 5.146 1.561 -2.319209218011519
Car 0 -74.588 14.323 -0.188 1.842 4.755 1.676 -2.2144894628918603
Car 0 22.585 -25.385 0.38 1.808 3.844 1.547 0.6990157100631402
Car 0 -68.934 22.478 0.368 1.987 4.674 1.783 -2.256810206583798
Cones 0 10.887 34.68 0.256 0.381 0.392 0.717 0.6699865208270908
Bicycle 0 -20.151 39.866 0.08 0.575 1.806 1.069 2.3065085757560606
Medium-sized_Truck 0 -147.826 105.324 -0.158 2.104 5.247 2.095 -2.7108837914312414
Cones 0 11.538 35.252 0.517 0.257 0.284 1.351 0.6699865208270908
Cones 0 12.364 35.822 0.536 0.254 0.229 1.313 0.6699865208270908
Car 0 -107.741 -45.766 -0.54 1.916 4.5 1.573 -2.336662510531462
Car 0 -88.591 -64.487 -0.05 1.916 4.872 1.754 -2.354115803051405
Pedestrian 0 64.434 -58.391 0.073 0.89 0.979 1.762 0.545397345570247
Pedestrian 0 -42.993 -22.338 1.401 0.824 1.313 1.897 -2.2850181167034163
Signs 0 0.463 14.496 1.294 0.732 0.287 3.3 -2.433010127430269
Car 0 69.547 -131.08 0.167 2.148 4.324 1.635 -2.4011419544029766
Bicycle 0 -103.482 98.224 0.084 0.623 2.909 1.345 -0.77738825906785
Bicycle 0 -114.439 112.686 0.084 0.623 2.909 1.345 -0.7773882590678509
Bicycle 0 -119.031 118.703 0.084 0.623 2.909 1.345 -0.7424816740279647
Medium-sized_Truck 0 -17.915 -38.503 1.563 2.755 7.054 3.983 -2.2705407118357126
Car 0 -165.75 142.652 -0.638 2.09 5.013 1.766 -2.6934304989112983
Car 0 70.304 -75.704 -0.453 2.004 4.103 1.549 0.6706375291070432
Pedestrian 0 32.508 -18.975 0.418 0.713 1.102 1.852 -2.456561805229442
Car 0 -157.731 125.639 -0.538 2.09 5.127 1.766 -2.6934304989112983
Pedestrian 0 66.352 -58.892 -0.083 0.905 0.979 1.75 -2.491468390269329
Bicycle 0 -99.161 144.115 -0.371 0.771 1.68 1.14 2.1678048393672764
Signs 0 -63.577 3.431 1.141 1.355 0.398 3.602 0.9187552490447326
Cones 0 35.497 -13.054 0.256 0.256 0.28 1.187 0.4497114706818122
Bicycle 0 -107.845 103.336 0.084 0.623 2.909 1.345 -0.77738825906785
Car 0 -179.366 164.095 -0.156 2.032 4.385 1.602 -2.5887107437916397
Pedestrian 0 20.516 -69.184 0.157 0.89 0.979 1.63 0.7024841408802935
Bicycle 0 -120.71 121.073 0.037 0.623 2.909 1.439 -0.7075750889880785
Bicycle 0 -108.253 104.035 0.084 0.623 2.909 1.345 -0.77738825906785
Pedestrian 0 43.168 -106.938 0.057 1.022 0.979 1.63 0.1439772075803096
Pedestrian 0 -34.969 -21.371 1.012 0.753 1.34 1.866 -2.117469109053263
Bus 0 -191.163 -18.37 0.142 3.437 12.977 3.727 2.3463675325718882
Pedestrian 0 46.991 -106.954 0.057 0.89 0.979 1.63 0.5977628130988368
Pedestrian 0 24.801 -72.701 0.157 0.89 0.979 1.63 0.510497923160917
Cones 0 34.252 -11.745 0.256 0.256 0.28 1.187 0.4497114706818122
Bicycle 0 -106.911 102.316 0.084 0.623 2.909 1.345 -0.77738825906785
Cones 0 30.565 -6.584 0.256 0.256 0.28 1.187 2.1950407226761417
Bus 0 -96.222 -38.687 1.034 3.051 13.194 3.711 0.7497594125081662
Pedestrian 0 29.408 -7.324 0.649 0.863 0.979 1.978 -0.9730319410342787
Bicycle 0 -115.458 113.779 0.084 0.623 2.909 1.345 -0.7773882590678509
Bicycle 0 -121.646 122.118 0.126 0.623 2.909 1.431 -0.7075750889880785
Car 0 -56.305 68.072 0.083 1.957 4.396 1.62 0.6299888108034948
Car 0 -79.393 94.38 0.688 1.901 4.395 1.538 0.591161343593506
Pedestrian 0 -72.576 109.76 0.102 0.842 0.965 1.762 -2.3700512158179823
Pedestrian 0 -18.78 47.643 0.536 0.881 0.876 1.662 0.6847320540754364
Car 0 -17.767 32.022 0.157 1.891 4.823 1.562 0.7721868936203027
Car 0 -79.381 104.908 0.258 1.934 4.234 1.628 0.6484090157353012
Car 0 -116.23 63.758 -0.275 2.106 5.098 2.131 -2.5585715255760135
Car 0 -43.101 55.564 0.257 2.07 5.226 1.651 0.6554854531892127
Pedestrian_with_Object 0 -74.119 102.793 0.063 0.842 0.965 1.884 2.2027114244071626
Car 0 -27.303 31.137 0.6 1.996 4.287 1.83 0.7154104603904663
Pedestrian_with_Object 0 -92.117 78.983 0.572 1.097 1.048 1.941 -1.3228536646213787
Pedestrian_with_Object 0 -67.418 96.902 0.126 0.842 0.965 1.81 2.447057519686366
Motorcycle 0 -98.404 43.26 0.098 1.122 2.661 1.896 -2.4887583554962394
Pedestrian 0 -92.098 150.384 0.163 1.074 1.257 1.852 -2.649303896137072
Pedestrian 0 -28.039 67.062 0.672 0.929 0.83 1.902 0.8064480228116981
Pedestrian 0 -89.45 47.325 0.222 0.862 1.131 1.902 -2.4747500674009895
Car 0 -36.664 43.329 0.363 1.993 4.962 1.753 0.672938745709156
Pedestrian 0 -17.804 47.655 0.581 0.881 0.876 1.662 0.5800122989557764
Pedestrian_with_Object 0 -83.068 69.131 0.472 0.731 1.037 1.902 2.3248844720467643
Car 0 -8.271 13.573 0.662 1.817 3.845 2.175 0.7334571648569628
Pedestrian_with_Object 0 -47.183 73.3 0.401 0.91 0.692 1.876 -2.321176958073271
Pedestrian_with_Object 0 -87.768 69.079 0.341 0.692 0.597 1.64 -0.9912411067424598
Pedestrian 0 -85.048 74.145 0.572 0.798 0.965 1.902 -0.9388812291826305
Pedestrian_with_Object 0 -87.459 68.476 0.341 0.692 0.672 1.64 -0.9563345217025736
Car 0 -85.732 36.172 0.044 2.149 5.029 1.977 -2.3491320153366946
Car 0 -42.358 61.407 0.125 1.897 4.837 1.479 0.4117772757485676
Pedestrian 0 -7.997 20.429 0.518 0.722 0.702 1.807 -0.8099731532469985
Car 0 -67.938 78.158 0.512 1.855 4.503 1.316 0.6125355182835515
Pedestrian 0 -31.534 60.478 0.472 0.76 0.773 1.902 1.0909401276592714
Pedestrian 0 -81.084 130.586 0.163 1.074 1.257 1.852 0.631915097612266
Pedestrian 0 -39.438 75.601 0.422 0.798 0.935 1.902 0.7540881452518682
Pedestrian_with_Object 0 -72.352 101.303 -0.205 0.798 0.965 1.74 2.2027114244071626
Pedestrian 0 -96.266 66.395 0.322 0.798 0.965 1.902 0.7191815602119829
Pedestrian 0 -79.629 61.986 0.505 0.862 1.131 1.967 -2.8412692103197945
Car 0 -68.076 89.985 -0.029 1.987 4.346 1.493 0.7007688932951311
Pedestrian 0 -32.064 63.849 0.572 0.818 0.839 1.902 0.8116855585493594
Pedestrian_with_Object 0 -4.184 20.004 0.441 0.829 0.895 1.681 -0.7668353477458574
Pedestrian_with_Object 0 -57.828 86.205 0.022 0.798 0.965 1.902 1.03333944917371
Car 0 -84.615 105.965 -0.153 2.04 4.071 1.516 0.6135024306954147
Car 0 -103.354 141.354 -0.142 2.006 4.246 1.679 0.7007688932951311
Pedestrian 0 -91.4 141.544 0.196 1.074 1.257 1.906 -3.050729624095763
Car 0 -11.536 8.404 0.605 1.781 4.631 1.485 0.7160038723370195
Pedestrian 0 -31.501 64.546 0.572 0.895 0.773 1.902 0.8814987286291327
Pedestrian 0 -89.837 77.361 0.439 0.798 1.048 1.906 2.2027114244071626
Other_Vehicle_-_Pedicab 0 -25.012 57.717 0.65 1.675 2.863 2.0 0.49460573168908617
Pedestrian 0 -82.771 71.177 0.656 0.803 1.174 1.709 -0.8350489699755963
Pedestrian_with_Object 0 -6.403 18.342 0.498 0.827 0.722 1.931 2.3082521596573837
Pedestrian 0 -33.584 62.334 0.572 0.76 0.83 1.902 0.670311696716733
Pedestrian_with_Object 0 -54.181 87.772 0.172 0.842 0.965 1.902 0.7505971738427062
Bus 0 -42.918 45.106 1.731 3.198 13.554 4.269 0.6554854531892126
Pedestrian 0 -40.346 64.107 0.415 0.769 0.774 1.931 2.5847462282817415
Pedestrian 0 -128.677 64.399 -0.002 0.861 0.965 1.653 0.6772941242610757
Car 0 -24.698 23.102 0.526 1.875 4.369 1.59 0.7328637529104096
Car 0 -19.339 26.995 0.283 2.025 4.564 1.513 0.7154104603904663
Pedestrian_with_Object 0 -52.818 85.82 0.172 0.798 1.04 1.902 0.7471067383686752
Pedestrian 0 -89.727 78.456 0.572 0.798 1.048 1.941 2.2027114244071626
Pedestrian_with_Object 0 -87.062 69.205 0.358 0.848 0.597 1.674 2.1852581318872195
Pedestrian 0 -32.384 63.088 0.502 0.76 0.773 1.902 0.5847946445809151
Pedestrian 0 -30.62 45.118 0.463 0.958 0.872 1.807 -2.4568605995143566
Pedestrian_with_Object 0 -86.992 73.078 0.472 0.798 0.965 1.902 -0.9388812291826305
Pedestrian 0 -24.917 47.226 0.463 0.958 0.872 1.807 0.6847320540754364
Pedestrian_with_Object 0 -57.505 86.95 0.172 0.798 0.965 1.902 1.0368301626326488
Pedestrian 0 -57.601 30.935 0.475 0.846 1.093 1.45 2.2536298002954323
Pedestrian 0 -100.818 78.118 0.372 0.798 0.965 1.902 -0.48509562366410997
