Car 0 -19.943 -33.199 0.581 1.876 4.886 1.676 0.8348861016734945
Bicycle 0 -19.7 39.454 0.089 0.575 1.98 1.069 2.3065085757560606
Pedestrian 0 -3.227 31.055 0.325 0.748 0.676 1.228 -0.3681924695126302
Pedestrian 0 38.332 -18.969 0.381 0.863 0.979 1.978 0.5803110932406903
Pedestrian 0 -118.884 36.888 -0.002 0.798 0.965 1.653 -0.6002866965621942
Pedestrian 0 -138.915 16.791 0.128 0.798 0.965 1.653 2.653506087467202
Pedestrian 0 -128.802 26.324 0.172 0.798 0.965 1.653 2.829286311821116
Pedestrian 0 -144.008 33.298 -0.102 0.798 0.979 1.653 2.0316691443884562
Cones 0 10.653 35.032 0.459 0.22 0.253 1.224 0.6699865208270908
Pedestrian 0 -145.652 34.299 0.008 0.969 0.965 1.653 1.8906465285236176
Cones 0 48.01 63.23 0.747 0.408 0.834 1.492 0.7856807488172848
Cones 0 47.992 45.919 0.771 0.365 0.61 1.342 0.7856807488172848
Pedestrian 0 -139.589 28.989 -0.002 0.798 0.965 1.653 2.3772443496065936
Pedestrian 0 43.989 -104.762 0.064 0.89 0.979 1.656 0.27778782490461656
Car 0 31.957 -31.255 0.28 1.998 4.691 1.812 0.7189944940203441
Cones 0 11.942 35.509 0.517 0.272 0.235 1.351 0.6699865208270908
Pedestrian_with_Object 0 17.133 22.468 0.767 0.841 1.155 1.852 2.8511587726026972
Car 0 -89.524 39.369 -0.279 1.823 4.596 1.649 -2.345641839618594
Pedestrian_with_Object 0 -0.064 21.479 0.498 0.9 0.906 1.628 0.9983843012956066
Other_Vehicle_-_Pedicab 0 12.841 7.743 0.642 1.49 2.484 1.953 0.6737993117477986
Pedestrian 0 1.797 23.871 0.636 0.791 1.009 1.888 -1.2788296768366028
Pedestrian 0 43.424 -32.216 0.174 0.89 0.979 1.765 -2.4042019276696136
Pedestrian_with_Object 0 12.702 5.067 0.53 0.962 0.992 1.667 0.7572450903759
Pedestrian 0 -3.771 31.961 0.384 0.748 0.818 1.347 -1.3281235581095183
Bicycle 0 -98.685 143.436 -0.319 0.771 1.645 1.089 2.1678048393672764
Pedestrian 0 63.529 -58.556 -0.083 0.808 0.979 1.75 -2.3518420501097843
Pedestrian 0 -129.34 29.905 -0.002 0.798 1.048 1.653 2.038649054423485
Emergency_Vehicle 0 -30.296 46.729 0.383 2.072 5.196 1.882 0.7023737235405294
Car 0 -83.406 21.962 -0.395 1.916 5.163 1.582 -2.319209218011519
Car 0 -139.091 88.684 -0.649 2.032 4.636 1.688 -2.5887107437916397
Personal_Mobility_Device 0 20.33 4.97 0.355 0.878 1.174 1.163 0.6460747565792839
Car 0 -144.926 99.33 -0.446 1.972 4.868 1.944 -2.658523913871412
Pedestrian_with_Object 0 -3.817 20.799 0.489 0.829 0.933 1.778 2.392210598363879
Pylons 0 -15.535 32.52 0.146 0.436 0.352 1.235 0.675210291194221
Cones 0 52.601 66.125 0.747 0.408 0.834 1.492 0.7856807488172848
Pedestrian 0 -130.265 31.388 -0.002 0.798 0.965 1.653 2.115444961807447
Pedestrian 0 -119.416 37.545 0.098 0.798 0.965 1.653 -0.6072686713037116
Bicycle 0 -12.427 38.492 0.518 0.631 1.741 1.725 0.638892726707912
Pedestrian 0 51.777 -39.657 0.162 0.912 0.979 1.64 -2.3692953426297274
Cones 0 35.143 -12.941 0.256 0.256 0.28 1.187 0.4497114706818122
Cones 0 35.279 -12.602 0.256 0.256 0.28 1.187 0.4497114706818122
Pedestrian 0 45.108 -104.28 0.219 0.89 0.979 1.961 0.308547956180405
Pedestrian_with_Object 0 11.954 0.052 0.518 0.962 0.836 1.909 -2.2866018758286386
Car 0 -135.574 82.714 -0.646 2.032 4.636 1.688 -2.5712574512716966
Pedestrian 0 4.604 15.254 0.56 0.791 0.964 1.835 -2.4762608067123772
Pedestrian_with_Object 0 -29.203 1.451 0.818 0.801 1.101 2.057 2.38548036109211
Car 0 -134.956 -18.136 -0.31 1.916 4.909 1.734 -2.336662510531462
Car 0 -131.078 -23.024 -0.21 1.916 4.94 1.734 -2.336662510531462
Pedestrian_with_Object 0 2.01 24.693 0.632 0.757 0.952 1.839 -1.2613763843166597
Car 0 -174.608 159.354 -0.638 2.032 5.013 1.766 -2.5887107437916397
Pedestrian_with_Object 0 17.818 21.813 0.812 0.841 1.155 1.852 2.8511587726026972
Cones 0 51.327 50.543 0.84 0.408 0.965 1.281 0.7856807488172848
Pedestrian 0 -130.898 68.4 -0.002 0.861 0.965 1.653 0.7122007093009624
Bicycle 0 -117.085 116.432 0.084 0.623 2.909 1.345 -0.7424816740279647
Bicycle 0 -117.893 117.627 0.084 0.623 2.909 1.345 -0.7424816740279647
Car 0 -160.918 143.94 -0.361 2.134 4.599 1.695 -2.634008900476536
Bicycle 0 -121.115 121.691 0.084 0.623 2.909 1.345 -0.7075750889880785
Bicycle 0 -114.926 113.238 0.084 0.623 2.909 1.345 -0.7773882590678509
Car 0 -68.149 9.408 -0.244 1.868 4.202 1.337 -2.2144894628918603
Tram_/_Subway 0 22.228 -39.445 1.659 3.138 14.43 3.672 0.7229974066668732
Car 0 10.772 -16.68 0.496 2.254 5.109 1.582 0.7164690025830835
Car 0 34.23 -27.226 0.116 1.852 4.478 1.689 0.702505885781241
Bus 0 -98.385 -49.666 0.913 3.721 16.467 3.469 -2.346823289206731
Bicycle 0 -52.53 80.013 -0.073 0.684 1.838 1.202 -2.583276661670562
Bicycle 0 18.127 7.57 0.346 0.603 1.441 1.161 2.251777668414067
Pedestrian_with_Object 0 16.612 6.432 0.649 1.08 1.655 1.746 -2.6736800335581745
Pedestrian_with_Object 0 15.91 5.394 0.57 1.08 1.655 1.688 -2.670189857840074
Pedestrian_with_Object 0 -3.361 20.125 0.441 0.829 0.733 1.681 0.8214142715689823
Pedestrian_with_Object 0 1.801 22.033 0.552 0.694 1.054 1.799 -1.2962829693565494
Pedestrian 0 -129.603 30.69 -0.002 0.798 0.965 1.653 2.0281784992077316
Pedestrian 0 -121.988 30.607 -0.002 0.798 0.965 1.653 -0.7119916590566895
Cones 0 54.28 67.229 0.747 0.408 0.834 1.492 0.7856807488172848
Signs 0 -51.436 14.515 1.575 1.394 0.476 3.651 0.9154351816047519
Car 0 -57.348 1.91 0.289 1.913 4.718 2.08 -2.2319427554118034
Car 0 -21.222 -39.606 0.703 2.498 5.698 2.155 0.8361453567141939
Car 0 -128.5 72.249 -0.633 2.032 4.636 1.688 -2.5363508662318104
Car 0 11.01 -0.069 0.469 2.912 4.682 1.851 0.7224956244910635
Car 0 -4.227 -0.434 0.747 2.028 4.943 1.942 0.7164690025830835
Car 0 -160.228 131.14 -0.538 2.093 5.186 1.766 -2.675977206391355
Pedestrian 0 17.153 13.817 0.826 0.889 0.806 1.965 2.4521229286655117
Pedestrian_with_Object 0 16.188 14.356 0.738 0.9 1.189 1.909 -0.24079946762036553
Pedestrian 0 11.831 4.738 0.516 0.849 0.728 1.66 -2.5578191700093638
Car 0 16.953 -18.687 0.611 2.066 4.319 1.657 0.7205356197456421
Car 0 -168.404 147.993 -0.638 2.032 5.013 1.766 -2.658523913871412
Car 0 -111.884 -41.745 -0.54 1.916 4.94 1.573 -2.336662510531462
Pedestrian 0 31.319 -17.366 0.455 0.761 0.791 1.762 -2.405046747340826
Pedestrian 0 62.501 -59.329 -0.083 0.89 0.979 1.75 -2.479250361326537
Cones 0 12.721 36.095 0.536 0.262 0.225 1.313 0.6699865208270908
Pedestrian 0 -0.989 36.045 0.41 0.748 0.818 1.398 0.8186314218435005
Pedestrian 0 37.658 -19.53 0.381 0.803 0.979 1.978 0.5454045082008037
Pedestrian_with_Object 0 -30.485 -23.118 0.806 0.817 1.038 1.866 -1.9778427688937184
Cones 0 49.296 63.794 0.747 0.408 0.834 1.492 0.7856807488172848
Pedestrian 0 -135.291 35.903 -0.102 0.798 0.965 1.653 2.0366836738253675
Cones 0 53.446 66.737 0.747 0.408 0.834 1.492 0.7856807488172848
Pedestrian 0 16.151 -65.5 0.224 0.89 0.979 1.765 0.7024841408802935
Bicycle 0 -120.029 119.652 0.084 0.623 2.909 1.345 -0.7424816740279647
Bicycle 0 -107.362 102.839 0.084 0.623 2.909 1.345 -0.77738825906785
Pedestrian 0 -28.157 1.194 0.806 0.748 0.968 1.866 2.38548036109211
Car 0 -62.927 5.809 -0.038 1.853 5.058 1.635 -2.2319427554118034
Bicycle 0 19.086 7.026 0.378 0.469 1.75 1.278 2.7423181626441386
Car 0 -124.931 67.217 -0.633 2.032 4.636 1.688 -2.501444281191924
Car 0 -162.917 137.164 -0.538 2.09 5.013 1.766 -2.6934304989112983
Pedestrian_with_Object 0 1.525 22.634 0.562 0.694 0.988 1.799 -1.2962829693565494
Pedestrian 0 -126.124 26.252 -0.002 0.798 0.965 1.653 1.2253270432903391
Cones 0 50.507 64.48 0.747 0.408 0.834 1.492 0.7856807488172848
Cones 0 37.125 -14.717 0.256 0.313 0.28 1.187 0.4497114706818122
Car 0 -57.617 7.571 0.072 2.198 4.71 1.596 -2.218413445825811
Car 0 39.691 -50.368 0.007 2.009 4.218 1.327 0.7055441141469296
Car 0 -47.345 1.335 0.23 1.96 4.314 1.433 -2.1695437439840823
Pedestrian 0 17.835 13.667 0.719 0.666 0.751 1.737 2.4671538245292233
Pedestrian_with_Object 0 11.279 4.166 0.516 0.697 0.831 1.66 -2.557819170009362
Cones 0 13.079 36.331 0.536 0.264 0.254 1.313 0.6699865208270908
Cones 0 11.192 34.983 0.517 0.266 0.237 1.351 0.6699865208270908
Pedestrian 0 -135.175 36.929 -0.05 0.866 0.965 1.748 2.082874141001023
Pedestrian 0 -124.099 32.43 -0.002 0.798 0.965 1.653 -0.45018903862422377
Cones 0 57.632 67.51 0.752 0.408 0.834 1.357 0.7856807488172848
Cones 0 46.695 44.948 0.771 0.408 0.649 1.342 0.7856807488172848
Cones 0 54.622 67.44 0.747 0.408 0.834 1.492 0.7856807488172848
Cones 0 18.992 10.374 0.458 0.421 0.39 1.217 1.4047135954476726
Bicycle 0 -117.505 117.012 0.084 0.623 2.909 1.345 -0.7424816740279647
Bicycle 0 -106.421 101.654 0.084 0.623 2.909 1.345 -0.77738825906785
Car 0 -19.425 16.927 0.532 1.855 4.438 1.559 0.7342960452797804
Car 0 -127.227 21.21 0.315 1.825 4.593 1.513 2.4345493016193647
Car 0 -141.978 93.511 -0.649 2.032 4.722 1.688 -2.623617328831526
Pedestrian 0 63.318 -54.363 0.073 0.89 0.979 1.762 0.4755841754904737
Pedestrian 0 51.08 -40.262 0.162 0.89 0.979 1.64 -2.3867486351496705
Pedestrian_with_Object 0 42.37 -28.694 0.336 0.89 0.979 1.888 -2.334388757589841
Pedestrian 0 -126.681 44.479 -0.002 0.798 0.965 1.653 2.3353583002221985
Pedestrian 0 -134.036 21.752 0.128 0.798 0.965 1.653 2.4365856123861906
Bicycle 0 -116.537 115.723 0.084 0.623 2.909 1.345 -0.7424816740279647
Cones 0 37.326 -15.129 0.187 0.313 0.28 1.326 0.4497114706818122
Bicycle 0 -108.829 104.63 0.084 0.623 2.909 1.345 -0.77738825906785
Bicycle 0 -115.972 114.35 0.084 0.623 2.909 1.345 -0.7599349665479078
Bicycle 0 -118.428 118.14 0.084 0.623 2.909 1.345 -0.7424816740279647
Car 0 -79.281 18.103 -0.265 2.083 5.148 1.611 -2.2493960479317465
Pickup_Truck 0 -12.599 -43.713 0.691 2.217 5.481 2.088 -2.2356341267958264
Car 0 -131.394 77.027 -0.683 2.032 4.734 1.688 -2.5363508662318104
Car 0 64.1 -77.63 -0.189 2.021 4.324 1.517 0.7090342898650306
Car 0 -153.776 -2.368 -0.225 1.932 4.264 1.45 -1.6119998697223288
Personal_Mobility_Device 0 -35.974 59.291 0.126 0.587 1.137 1.252 -2.48240012147204
Car 0 -94.82 -58.963 0.2 1.916 4.872 1.754 -2.319209218011519
Cones 0 45.549 43.7 0.676 0.408 0.649 1.152 0.7856807488172848
Cones 0 47.525 46.016 0.771 0.408 0.649 1.342 0.7856807488172848
Pedestrian 0 -123.352 32.077 -0.002 0.798 0.965 1.653 -0.45368138875013386
Cones 0 51.622 65.316 0.747 0.408 0.834 1.492 0.7856807488172848
Bicycle 0 -109.183 105.285 0.084 0.623 2.909 1.345 -0.7773882590678509
Car 0 -23.618 32.153 0.332 1.82 4.701 1.51 0.7199090465376292
Car 0 5.242 -1.402 0.402 1.962 4.451 1.562 0.7164690025830835
Car 0 -122.477 151.633 -0.102 1.997 4.048 1.479 0.5914519409253371
Car 0 -116.654 161.662 -0.078 2.037 4.697 2.031 0.6484090157353012
Car 0 -139.625 192.706 -0.666 1.927 4.217 1.56 0.6484090157353012
Car 0 -10.891 -41.119 0.426 1.865 4.251 1.565 0.7976503747295185
Pedestrian 0 -2.998 32.529 0.429 0.748 0.818 1.435 -2.776746837264813
Pedestrian 0 -1.748 36.61 0.385 0.748 0.818 1.348 -2.3229612317462927
Cones 0 45.002 42.789 0.806 0.408 0.755 1.411 0.7856807488172848
Car 0 -46.64 -5.647 0.191 1.771 4.997 1.593 -2.144676292812088
Pedestrian_with_Object 0 24.569 -9.317 0.477 0.721 0.762 1.725 -2.350924095318757
Pedestrian 0 -2.418 31.593 0.368 0.748 0.676 1.313 1.0629775171227198
Personal_Mobility_Device 0 -27.43 47.276 0.157 0.609 1.155 1.251 0.6719473981291201
Pedestrian 0 50.14 -35.782 0.212 0.89 0.979 1.64 -2.3692953426297274
Cones 0 55.765 67.641 0.747 0.408 0.834 1.492 0.7856807488172848
Motorized_Scooter 0 -89.924 80.769 0.155 0.671 1.316 1.158 0.5865447889400128
Pedestrian 0 -138.291 16.241 0.128 0.798 0.965 1.653 2.647776340973825
Pedestrian 0 67.19 -64.076 -0.336 0.836 0.877 1.75 -2.5263749753092153
Bicycle 0 -119.536 119.183 0.084 0.623 2.909 1.345 -0.7424816740279647
Pedestrian 0 26.161 -73.08 -0.043 0.89 0.979 1.63 0.21379195032188067
Car 0 -88.818 26.691 -0.547 1.932 5.146 1.561 -2.319209218011519
Car 0 -74.588 14.323 -0.188 1.842 4.755 1.676 -2.2144894628918603
Car 0 -5.97 7.241 0.446 1.808 3.844 1.547 0.6990157100631402
Car 0 -44.35 3.213 0.376 1.987 4.674 1.783 -2.1835068607859247
Cones 0 10.887 34.68 0.256 0.381 0.392 0.717 0.6699865208270908
Bicycle 0 -20.151 39.866 0.08 0.575 1.806 1.069 2.3065085757560606
Medium-sized_Truck 0 -147.826 105.324 -0.158 2.104 5.247 2.095 -2.7108837914312414
Cones 0 11.538 35.252 0.517 0.257 0.284 1.351 0.6699865208270908
Cones 0 12.364 35.822 0.536 0.254 0.229 1.313 0.6699865208270908
Car 0 -107.741 -45.766 -0.54 1.916 4.5 1.573 -2.336662510531462
Car 0 -88.591 -64.487 -0.05 1.916 4.872 1.754 -2.354115803051405
Pedestrian 0 62.615 -54.996 0.073 0.89 0.979 1.762 0.4755841754904737
Pedestrian 0 -127.14 45.213 -0.002 0.861 0.965 1.653 2.3493298586184412
Pedestrian 0 -42.993 -22.338 1.401 0.824 1.313 1.897 -2.2850181167034163
Signs 0 0.463 14.496 1.294 0.732 0.287 3.3 -2.433010127430269
Car 0 69.547 -131.08 0.167 2.148 4.324 1.635 -2.4011419544029766
Bicycle 0 -103.482 98.224 0.084 0.623 2.909 1.345 -0.77738825906785
Bicycle 0 -114.439 112.686 0.084 0.623 2.909 1.345 -0.7773882590678509
Bicycle 0 -119.031 118.703 0.084 0.623 2.909 1.345 -0.7424816740279647
Medium-sized_Truck 0 -17.915 -38.503 1.563 2.755 7.054 3.983 -2.2705407118357126
Car 0 -165.75 142.652 -0.638 2.09 5.013 1.766 -2.6934304989112983
Car 0 44.337 -45.34 -0.025 2.004 4.103 1.549 0.7055441141469299
Pedestrian 0 36.279 -23.401 0.418 0.713 1.102 1.852 -2.474015097749385
Car 0 -157.731 125.639 -0.538 2.09 5.127 1.766 -2.6934304989112983
Pedestrian 0 73.101 -67.274 -0.083 0.905 0.979 1.75 -2.4391085127095
Bicycle 0 -99.161 144.115 -0.371 0.771 1.68 1.14 2.1678048393672764
Signs 0 -63.577 3.431 1.141 1.355 0.398 3.602 0.9187552490447326
Pedestrian 0 25.275 -73.261 0.207 0.89 0.979 1.63 0.21379195032188067
Cones 0 35.497 -13.054 0.256 0.256 0.28 1.187 0.4497114706818122
Bicycle 0 -107.845 103.336 0.084 0.623 2.909 1.345 -0.77738825906785
Car 0 -179.366 164.095 -0.156 2.032 4.385 1.602 -2.5887107437916397
Pedestrian 0 16.88 -64.908 0.927 0.89 0.979 1.63 0.7024841408802935
Bicycle 0 -120.71 121.073 0.037 0.623 2.909 1.439 -0.7075750889880785
Pedestrian 0 44.712 -104.834 0.057 0.89 0.979 1.63 0.2775637900894822
Bicycle 0 -108.253 104.035 0.084 0.623 2.909 1.345 -0.77738825906785
Pedestrian 0 43.193 -104.447 0.057 0.89 0.979 1.63 0.10168958408341512
Pedestrian 0 42.986 -105.761 0.057 1.022 0.979 1.63 0.1614305001002529
Car 0 -82.377 95.383 -0.036 1.855 4.503 1.316 0.5776289332436648
Pedestrian 0 -30.045 -22.386 0.592 0.753 1.34 1.866 -1.9115050327206458
Bus 0 -191.163 -18.37 0.142 3.437 12.977 3.727 2.3463675325718882
Cones 0 34.252 -11.745 0.256 0.256 0.28 1.187 0.4497114706818122
Bicycle 0 -106.911 102.316 0.084 0.623 2.909 1.345 -0.77738825906785
Cones 0 30.565 -6.584 0.256 0.256 0.28 1.187 2.1950407226761417
Bus 0 -96.222 -38.687 1.034 3.051 13.194 3.711 0.7497594125081662
Pedestrian 0 29.446 -7.559 0.609 0.863 0.979 1.978 -2.491468390269328
Bicycle 0 -115.458 113.779 0.084 0.623 2.909 1.345 -0.7773882590678509
Bicycle 0 -121.646 122.118 0.126 0.623 2.909 1.431 -0.7075750889880785
Car 0 -79.048 99.107 -0.161 1.957 4.396 1.62 0.6334789865215955
Car 0 -95.201 115.368 0.519 1.901 4.395 1.538 0.6260679286333927
Car 0 -123.465 74.118 -0.389 2.036 4.406 1.586 -2.517840591893102
Pedestrian 0 -47.541 79.999 0.326 0.647 0.8 1.621 -2.4563134387402545
Pedestrian 0 -69.14 106.284 0.102 0.842 0.965 1.762 -2.408447976575969
Pedestrian 0 -96.07 154.761 0.263 1.074 1.257 1.852 -2.5445841410174133
Car 0 -18.856 33.132 0.157 1.891 4.823 1.562 0.7721868936203027
Car 0 -105.126 138.616 0.198 1.934 4.234 1.628 0.6484090157353012
Pedestrian_with_Object 0 -38.938 67.207 0.545 0.837 0.862 1.857 -2.468421660449372
Car 0 -90.598 34.931 -0.115 2.106 5.098 2.131 -2.3316787228167515
Car 0 -66.461 86.805 -0.031 2.07 5.226 1.651 0.6380321606692694
Pedestrian_with_Object 0 -74.274 102.679 0.063 0.842 0.965 1.884 2.2027114244071626
Pedestrian_with_Object 0 -45.796 96.911 0.652 0.798 0.965 1.902 -1.0470943696408819
Car 0 -50.657 60.401 0.43 1.996 4.287 1.83 0.645597290310693
Pedestrian 0 -35.374 63.174 0.456 0.703 0.853 1.794 -2.454096870624162
Car 0 -77.694 29.115 -0.035 2.149 4.954 1.896 -2.2522676007268068
Pedestrian_with_Object 0 -44.828 82.444 0.422 0.706 0.935 1.902 0.8413546078515848
Pedestrian 0 -90.707 73.985 0.572 0.798 1.048 1.941 2.097991669287504
Pedestrian_with_Object 0 -92.117 78.983 0.572 1.097 1.048 1.941 -1.3228536646213787
Pedestrian_with_Object 0 -67.478 96.829 0.126 0.842 0.965 1.81 2.447057519686366
Pedestrian 0 -36.304 66.597 0.535 0.729 1.038 1.949 1.4309957308178014
Pedestrian 0 -45.614 81.952 0.372 0.798 0.965 1.902 0.8064480228116981
Pedestrian 0 -89.732 146.086 0.163 1.074 1.257 1.852 -2.6318506036171287
Pedestrian 0 -31.956 70.565 0.672 0.929 0.83 1.902 0.8588079003715281
Pedestrian 0 -88.892 146.937 0.161 1.074 1.257 1.836 -2.6126524450110584
Pedestrian 0 -98.807 68.774 0.23 1.014 0.965 1.902 -0.9249165352834368
Pedestrian 0 -86.407 44.415 0.222 0.862 1.131 1.902 -2.3438448892130803
Car 0 -104.895 128.844 0.283 1.901 4.395 1.7 0.6784278061932224
Car 0 -61.526 76.039 0.187 1.993 4.962 1.753 0.6345419849511686
Car 0 -124.824 82.257 -0.449 2.207 4.946 1.494 -2.641569666793948
Pedestrian 0 -30.15 56.264 0.594 0.83 0.853 1.885 -2.4226804613023765
Pedestrian 0 -57.293 89.229 0.172 0.828 0.965 1.902 0.9251300990421394
Pedestrian 0 -90.022 147.364 0.163 1.074 1.257 1.852 -2.6143973110971856
Pedestrian_with_Object 0 -83.75 68.478 0.472 0.731 1.037 1.902 2.3248844720467643
Pedestrian_with_Object 0 -68.166 97.348 0.181 0.842 0.965 1.92 2.447057519686366
Car 0 -32.871 42.648 0.632 1.817 3.845 2.175 0.6810972872971328
Pedestrian_with_Object 0 -46.177 72.575 0.401 0.91 0.692 1.876 -2.027961160952339
Pedestrian_with_Object 0 -87.847 69.018 0.341 0.692 0.597 1.64 -1.0239730894246195
Pedestrian 0 -85.048 74.145 0.572 0.798 0.965 1.902 -0.9388812291826305
Pedestrian_with_Object 0 -87.515 68.437 0.341 0.692 0.672 1.64 -0.9563345217025736
Pedestrian 0 -91.163 70.656 0.48 0.903 0.965 1.902 -0.7154770250441196
Car 0 -59.76 14.115 0.294 2.149 5.029 1.977 -2.2025252039801337
Car 0 -46.158 67.456 0.125 1.897 4.837 1.479 0.6212167859878872
Pedestrian 0 -8.06 20.369 0.518 0.722 0.702 1.807 -0.8099731532469985
Car 0 -79.5 94.719 0.272 1.855 4.503 1.316 0.6125355182835515
Pedestrian 0 -33.539 62.604 0.572 0.76 0.773 1.902 0.5498880595410285
Pedestrian 0 -35.985 62.845 0.456 0.703 0.732 1.794 -2.4994763967477898
Pedestrian 0 -83.542 133.944 0.163 1.074 1.257 1.852 0.631915097612266
Pedestrian 0 -42.941 80.008 0.422 0.798 0.935 1.902 0.7645586724061705
Pedestrian_with_Object 0 -72.52 101.18 -0.009 0.798 0.965 1.74 2.2027114244071626
Pedestrian_with_Object 0 -72.378 110.683 0.14 1.074 1.257 1.794 -2.998369746535934
Pedestrian 0 -95.706 66.951 0.322 0.798 0.965 1.902 0.7331446770138255
Pedestrian_with_Object 0 -82.451 121.24 0.04 1.147 1.257 1.794 -2.5794907260572995
Pedestrian 0 -84.584 132.015 0.278 1.137 1.257 2.081 0.6039878983830781
Pedestrian 0 -99.147 83.324 0.454 0.798 0.965 2.014 -0.41278967558329516
Pedestrian 0 -96.465 66.622 0.322 0.798 0.965 1.902 0.7191815602119829
Pedestrian 0 -79.632 61.984 0.505 0.862 1.131 1.967 -2.8412692103197945
Car 0 -87.185 113.731 -0.227 1.987 4.346 1.493 0.6484090157353012
Pedestrian 0 -35.308 66.418 0.572 0.818 0.839 1.902 0.951311898708906
Pedestrian 0 -73.355 101.616 0.063 0.842 0.965 1.884 2.2027114244071626
Pedestrian_with_Object 0 -61.27 88.316 0.022 0.798 0.965 1.902 0.9146575079915964
Car 0 -116.886 148.971 -0.302 2.04 4.071 1.516 0.630955723215358
Car 0 -118.148 159.373 -0.112 2.006 4.246 1.679 0.6658623082552445
Pedestrian 0 -43.378 79.256 0.422 0.798 0.935 1.902 0.6947454357352403
Pedestrian 0 -89.447 137.22 0.196 1.074 1.257 1.906 -2.7644941784110326
Pedestrian 0 -90.662 136.775 0.14 1.16 1.257 1.794 -2.7819474709309757
Car 0 -32.657 33.084 0.513 1.781 4.631 1.485 0.6985505798170761
Pedestrian 0 -34.823 67.113 0.572 0.895 0.773 1.902 0.9740004548060002
Animals_-_Other 0 -43.833 82.569 -0.121 0.496 1.083 0.816 0.7924766776213085
Pedestrian 0 -89.837 77.361 0.439 0.798 1.048 1.906 2.2027114244071626
Pedestrian_with_Object 0 -83.484 120.759 0.14 1.074 1.257 1.794 -2.5794907260572995
Pedestrian_with_Object 0 -80.605 62.273 0.581 0.882 1.125 1.941 3.0404694653644313
Pedestrian 0 -82.771 71.177 0.656 0.803 1.174 1.709 -0.8350489699755963
Pedestrian_with_Object 0 -6.5 18.38 0.498 0.827 0.722 1.931 2.3082521596573837
Pedestrian 0 -35.097 64.077 0.566 0.76 0.83 1.902 0.8312698388450992
Pedestrian_with_Object 0 -56.949 90.109 0.172 0.842 0.965 1.902 0.9146590194371749
Pedestrian_with_Object 0 -82.967 52.31 1.102 0.977 0.965 1.494 0.6039902457383712
Pedestrian 0 -70.155 106.056 0.27 0.888 0.965 1.899 -2.40931928044566
Pedestrian_with_Object 0 -39.429 66.854 0.339 0.713 0.862 1.67 -2.468421660449372
Bus 0 -63.545 72.747 1.711 3.198 13.554 4.269 0.6240690438674267
Pedestrian 0 -40.362 64.007 0.415 0.769 0.774 1.931 2.5847462282817415
Pedestrian 0 -131.648 67.917 -0.002 0.861 0.965 1.653 0.694747416781019
Pedestrian 0 -85.697 133.222 0.163 1.074 1.257 1.852 0.6412179467512855
Pedestrian 0 -84.809 133.871 0.187 1.074 1.257 1.899 0.6330782404441849
Pedestrian 0 -95.22 155.467 0.263 1.074 1.257 1.852 -2.5445841410174133
Car 0 -46.635 49.522 0.406 1.875 4.369 1.59 0.645597290310693
Car 0 -44.519 58.207 0.253 2.025 4.564 1.513 0.645597290310693
Pedestrian 0 -47.128 80.547 0.266 0.758 0.813 1.621 -2.465046462679455
Pedestrian_with_Object 0 -55.402 88.737 0.172 0.798 1.04 1.902 1.061266003727655
Pedestrian_with_Object 0 -54.922 89.381 0.172 0.798 0.965 1.902 1.0507946859492292
Pedestrian 0 -89.727 78.456 0.572 0.798 1.048 1.941 2.2027114244071626
Car 0 -137.057 95.814 -0.322 1.975 4.575 1.735 -2.5727932222900955
Pedestrian_with_Object 0 -87.184 69.12 0.358 0.848 0.597 1.674 2.1852581318872195
Pedestrian 0 -34.611 64.485 0.502 0.594 0.773 1.902 0.7837612137364932
Pedestrian 0 -34.185 65.045 0.502 0.76 0.773 1.902 0.8640473249000082
Pedestrian 0 -32.501 69.9 0.572 0.798 0.935 1.902 0.8483350790486016
Pedestrian_with_Object 0 -66.591 101.252 0.102 0.842 1.274 1.762 2.6006460459083645
Pedestrian 0 -29.179 43.908 0.463 0.958 0.872 1.807 -1.8285420687964056
Pedestrian_with_Object 0 -86.369 73.534 0.572 0.798 0.965 1.902 -0.9388812291826305
Pedestrian_with_Object 0 -61.126 89.225 0.172 0.798 0.965 1.902 0.9146571149930456
Pedestrian 0 -93.477 143.321 0.163 1.074 1.257 1.852 0.5795552200524361
Pedestrian 0 -57.601 30.935 0.475 0.846 1.093 1.45 2.2536298002954323
Pedestrian 0 -146.832 140.9 0.14 1.102 0.925 1.794 -2.701663773696901
Pedestrian 0 -88.848 70.371 0.384 0.903 0.965 1.902 -0.36816050137129785
Pedestrian 0 -98.334 83.136 0.372 0.798 0.965 1.902 -0.4152824535843376
Pedestrian_with_Object 0 -41.235 63.771 0.091 0.76 0.773 1.64 0.6406499435656604
