Car 0 -16.512 -0.693 0.391 1.822 4.294 1.614 2.382483512042644
Temporary_Construction_Barriers 0 26.973 6.031 0.207 0.556 1.743 0.816 0.7763975004447587
Temporary_Construction_Barriers 0 29.409 3.397 0.251 0.452 1.8 0.665 0.7938507929647021
Bus 0 30.652 -16.775 1.357 2.812 10.042 3.514 -2.363012618917507
Temporary_Construction_Barriers 0 24.311 -5.566 0.023 0.434 1.942 0.897 0.6542244528051558
Car 0 48.579 86.151 1.156 1.835 4.343 1.645 -0.8816129290738282
Temporary_Construction_Barriers 0 0.952 24.744 0.139 0.457 1.836 0.949 2.357129114007842
Pedestrian_with_Object 0 3.921 37.948 0.443 0.76 0.982 1.666 0.8055872595108557
Temporary_Construction_Barriers 0 41.321 -8.527 0.26 0.574 1.993 0.732 0.7763975004447587
Car 0 50.115 69.769 0.865 1.854 4.202 1.43 2.259979724515965
Temporary_Construction_Barriers 0 -10.641 43.011 0.013 0.409 1.948 0.827 0.7863327872129453
Car 0 24.471 44.124 0.515 1.644 3.945 1.547 2.3306358886249923
Car 0 -13.51 -8.517 0.714 1.914 4.175 1.796 -0.780531312781533
Car 0 16.537 36.113 0.46 2.019 4.422 1.74 2.3480891811449354
Temporary_Construction_Barriers 0 36.029 -3.197 0.232 0.502 1.993 0.702 0.7763975004447587
Temporary_Construction_Barriers 0 -1.809 34.308 0.016 0.473 1.977 0.851 0.7863327872129453
Pedestrian 0 49.006 -6.77 0.399 0.833 0.514 1.703 1.5471080356087197
Temporary_Construction_Barriers 0 18.857 -0.074 0.077 0.519 1.852 0.901 0.5844112827253826
Temporary_Construction_Barriers 0 -20.084 36.037 -0.038 0.565 2.286 0.942 0.8037860797328868
Car 0 -4.468 -4.278 0.475 1.925 4.341 1.519 -0.7630780202615899
Temporary_Construction_Barriers 0 2.184 26.061 0.139 0.544 1.721 0.931 2.357129114007842
Car 0 -47.478 -28.408 0.437 1.818 4.528 1.632 2.3714818291074695
Temporary_Construction_Barriers 0 30.713 2.091 0.217 0.492 1.808 0.772 0.7240376228849288
Temporary_Construction_Barriers 0 -7.293 23.595 -0.003 0.383 1.989 0.911 0.8037860797328868
Temporary_Construction_Barriers 0 53.27 -20.772 0.274 0.483 2.111 0.849 0.8113040854846454
Temporary_Construction_Barriers 0 17.952 1.561 0.111 0.539 1.852 0.873 0.4622382350857793
Temporary_Construction_Barriers 0 33.319 -0.539 0.243 0.476 1.808 0.688 0.7763975004447587
Temporary_Construction_Barriers 0 -5.777 38.227 0.045 0.44 1.76 0.909 0.7863327872129453
Temporary_Construction_Barriers 0 31.988 0.751 0.241 0.492 1.808 0.753 0.8113040854846454
Temporary_Construction_Barriers 0 47.179 -14.538 0.273 0.509 2.062 0.705 0.7589442079248154
Car 0 47.084 42.881 0.906 2.34 4.873 2.05 -0.8292530515139989
Temporary_Construction_Barriers 0 17.133 7.581 0.216 0.534 1.804 0.845 -0.7420389487903067
Temporary_Construction_Barriers 0 31.89 0.248 -0.094 19.364 0.46 0.854 -0.7972332267150266
Motorcycle 0 -17.362 2.232 0.071 0.775 1.877 1.522 -2.242994862833145
Temporary_Construction_Barriers 0 26.543 -8.598 0.054 0.505 1.887 0.871 0.5495046976854959
Temporary_Construction_Barriers 0 -11.962 44.32 0.059 0.423 1.772 0.937 0.7863327872129453
Temporary_Construction_Barriers 0 -19.045 51.297 0.068 0.465 2.087 0.891 0.8037860797328886
Temporary_Construction_Barriers 0 42.676 -10.092 0.264 0.576 2.062 0.729 0.7938507929647021
Temporary_Construction_Barriers 0 -15.157 31.234 -0.033 0.539 2.162 0.956 0.8037860797328868
Pedestrian 0 -39.196 -15.947 0.546 0.969 0.711 1.859 2.355268783103188
Car 0 -26.931 -7.892 0.149 1.853 4.222 1.442 2.3540285365875264
Pedestrian 0 -12.991 10.157 0.488 0.717 0.96 1.649 -0.8415768213631223
Temporary_Construction_Barriers 0 -13.092 29.179 -0.027 0.41 1.852 0.948 0.8386926647727735
Car 0 69.874 89.959 1.145 1.792 3.944 1.517 2.3821527721555666
Temporary_Construction_Barriers 0 -22.151 54.23 0.0 0.465 2.087 0.891 0.7863327872129453
Temporary_Construction_Barriers 0 28.152 4.704 0.25 0.472 1.743 0.702 0.7414909154048721
Temporary_Construction_Barriers 0 27.468 -10.292 0.056 0.51 1.906 0.805 0.4273316500458927
Bus 0 -11.293 -11.288 1.155 2.855 10.896 3.015 -0.7792214431796376
Pedestrian 0 -28.608 -3.547 0.577 0.92 0.724 1.803 1.5575189246050603
Car 0 -1.184 -5.859 0.511 2.025 4.96 1.851 -0.7281714352217037
Car 0 125.666 145.585 2.882 2.109 4.71 1.807 2.3472461871156804
Car 0 19.712 29.517 0.6 2.134 4.473 1.742 2.3273956848600164
Temporary_Construction_Barriers 0 29.316 -12.425 -0.048 1.135 0.251 0.629 -0.675144841585734
Car 0 47.262 88.173 1.176 1.942 4.216 1.768 -0.8816129290738282
Pedestrian 0 48.327 -6.192 0.405 0.702 0.823 1.714 3.117904362403608
Temporary_Construction_Barriers 0 25.466 -7.072 0.067 0.471 1.778 0.899 0.6542244528051558
Pedestrian 0 -1.666 41.149 0.641 0.835 1.092 1.933 -2.3778929865839187
Car 0 97.912 118.486 1.581 1.935 4.427 1.614 2.3472461871156804
Car 0 -14.76 4.338 0.43 1.791 4.295 1.891 2.301668659027697
Car 0 -4.6 0.717 0.575 1.868 4.645 1.519 -0.780531312781533
Temporary_Construction_Barriers 0 -21.659 37.728 -0.038 0.565 2.286 0.942 0.8037860797328868
Temporary_Construction_Barriers 0 -1.64 22.088 0.133 0.465 1.836 0.893 2.374582406527785
Pedestrian 0 -0.943 41.519 0.613 0.835 1.025 1.92 -2.409308750020795
Temporary_Construction_Barriers 0 24.163 8.493 0.181 0.586 1.887 0.88 0.950930425644192
Car 0 2.587 -2.053 0.291 1.782 4.319 1.574 -0.8328911903413623
Bus 0 164.133 165.637 4.464 3.727 11.836 3.702 -0.7617681506596945
Car 0 29.921 59.948 1.117 1.681 4.275 1.504 -0.3056542759157024
Pedestrian 0 -11.718 11.461 0.591 0.777 1.0 1.852 -0.7717636512833499
Car 0 -36.624 -17.277 0.216 1.649 3.763 1.316 2.3540285365875264
Car 0 -10.909 7.987 0.244 1.897 4.9 1.496 2.3365752440675833
Car 0 -19.69 -0.4 0.277 1.69 4.366 1.52 2.3540285365875264
Car 0 -87.655 -68.313 0.246 1.889 4.172 1.529 2.3365752440675833
Temporary_Construction_Barriers 0 -11.7 27.93 -0.021 0.396 1.852 0.963 0.8386926647727735
Pedestrian 0 -29.697 -5.477 0.668 0.9 0.685 1.546 -1.7618294046505483
Temporary_Construction_Barriers 0 20.067 -1.445 0.136 0.511 1.852 0.954 0.8462106705245324
Temporary_Construction_Barriers 0 38.911 -6.081 0.252 0.493 1.993 0.705 0.7589442079248154
Car 0 41.063 78.62 1.027 1.849 4.28 1.464 -0.8816129290738282
Temporary_Construction_Barriers 0 37.476 -4.646 0.247 0.501 1.993 0.691 0.7763975004447587
Temporary_Construction_Barriers 0 15.9 6.182 0.205 0.565 1.87 0.859 -0.7245856562703636
Construction_Signs 0 -3.688 20.369 0.54 0.854 0.241 1.864 0.8851276601053523
Temporary_Construction_Barriers 0 56.429 -23.617 0.22 0.48 2.111 0.895 0.8113040854846454
Car 0 65.522 85.28 1.101 1.774 3.905 1.488 2.3996060646755097
Temporary_Construction_Barriers 0 -18.444 34.422 0.038 0.467 2.286 1.094 0.8037860797328868
Temporary_Construction_Barriers 0 -27.201 59.057 0.03 0.465 2.087 0.891 0.8037860797328886
Temporary_Construction_Barriers 0 46.703 -14.645 -0.135 19.437 0.557 0.579 -0.7840210381057373
Temporary_Construction_Barriers 0 51.797 -19.148 0.239 0.494 2.192 0.809 0.7240376228849288
Car 0 24.317 34.065 0.589 1.74 3.363 1.546 2.3623022698999026
Temporary_Construction_Barriers 0 2.593 29.729 0.017 0.465 2.36 0.852 0.7514262021730587
Car 0 -42.337 -23.176 0.349 1.794 4.038 1.465 2.3889351216274126
Temporary_Construction_Barriers 0 -2.899 20.643 0.015 0.536 1.973 0.811 2.5142087466873297
Car 0 117.565 137.875 2.471 2.109 4.71 1.637 2.3297928945957374
Car 0 -33.009 -13.652 0.296 1.658 4.233 1.411 2.3540285365875264
Temporary_Construction_Barriers 0 48.669 -16.051 0.291 0.501 2.062 0.662 0.7938507929647021
Pedestrian 0 -36.562 76.998 0.694 0.836 0.752 1.693 -2.376899141025045
Temporary_Construction_Barriers 0 -4.392 20.854 -0.005 0.512 1.928 0.82 0.8386926647727735
Car 0 90.879 86.92 1.456 1.989 4.442 1.569 -0.7768931739541678
Temporary_Construction_Barriers 0 -7.047 39.489 0.036 0.429 1.76 0.89 0.7863327872129453
Temporary_Construction_Barriers 0 30.214 -13.186 -0.08 1.135 0.312 0.629 -0.675144841585734
Temporary_Construction_Barriers 0 25.647 7.282 0.166 0.543 1.845 0.97 0.8113040854846454
Car 0 60.916 80.662 1.112 1.872 4.122 1.572 2.3646994796356235
Pickup_Truck 0 120.509 117.525 2.447 2.3 5.171 1.679 -0.811799758994054
Pedestrian_with_Object 0 -8.368 48.616 0.607 0.895 0.847 1.705 -2.363930971653729
Temporary_Construction_Barriers 0 17.01 3.164 0.108 0.478 1.795 0.879 0.5669579902054392
Temporary_Construction_Barriers 0 45.715 -13.019 0.256 0.498 2.062 0.713 0.7763975004447587
Car 0 29.395 -29.25 0.759 1.91 4.332 1.647 -2.593872555070532
Temporary_Construction_Barriers 0 -5.856 22.186 -0.002 0.413 1.989 0.868 0.8037860797328868
Temporary_Construction_Barriers 0 -4.555 36.997 0.045 0.465 1.66 0.909 0.7863327872129453
Temporary_Construction_Barriers 0 20.873 9.941 0.178 0.494 1.944 0.875 1.649062126441924
Car 0 77.622 97.642 1.172 1.795 4.046 1.548 2.3472461871156804
Temporary_Construction_Barriers 0 -3.237 35.705 0.045 0.459 1.948 0.909 0.7863327872129453
Temporary_Construction_Barriers 0 3.504 27.395 0.071 0.524 1.982 0.869 2.374582406527785
Temporary_Construction_Barriers 0 54.901 -22.122 0.224 0.453 2.111 0.861 0.8287573780045887
Pedestrian 0 -40.355 80.949 0.661 0.804 0.659 1.647 -2.369918649464756
Temporary_Construction_Barriers 0 15.961 4.609 0.135 0.535 1.739 0.86 0.7065843303649858
Temporary_Construction_Barriers 0 22.596 9.505 0.209 0.484 1.879 0.919 0.9858370106840786
Car 0 -20.759 -16.175 0.549 1.829 4.289 1.546 -0.7792214431796367
Car 0 73.995 70.02 1.458 2.299 4.793 1.929 -0.7245332963943385
Temporary_Construction_Barriers 0 -9.265 41.613 0.021 0.456 1.874 0.861 0.7863327872129453
Temporary_Construction_Barriers 0 -10.322 26.561 0.038 0.447 1.989 0.995 0.7863327872129435
Pedestrian 0 -32.727 -9.046 0.556 1.057 0.919 1.785 2.3413062522681947
Pedestrian_with_Object 0 -9.824 18.321 0.526 0.679 0.807 1.732 0.6314802736940458
Pedestrian 0 -30.046 69.353 0.438 1.077 0.772 1.693 -2.4990713149286563
Temporary_Construction_Barriers 0 -13.213 45.569 0.049 0.47 1.775 0.918 0.7863327872129453
Temporary_Construction_Barriers 0 -23.676 55.697 0.036 0.465 2.087 0.891 0.8037860797328886
Temporary_Construction_Barriers 0 -20.606 52.756 0.033 0.465 2.087 0.891 0.821239372252832
Car 0 -23.524 -4.578 0.231 1.71 4.133 1.59 2.3714818291074695
Car 0 35.844 55.664 0.668 1.698 4.222 1.493 2.3297928945957374
Car 0 83.925 103.502 1.413 1.828 3.896 1.452 2.294886309555851
Temporary_Construction_Barriers 0 1.02 31.416 0.024 0.51 2.194 0.866 0.7514262021730587
Temporary_Construction_Barriers 0 50.217 -17.626 0.294 0.509 2.111 0.777 0.7938507929647021
Car 0 20.576 40.152 0.498 1.786 4.104 1.835 2.3306358886249923
Car 0 61.115 56.788 1.06 2.34 4.793 1.925 -0.8292530515139989
Temporary_Construction_Barriers 0 -0.412 32.918 0.018 0.465 1.889 0.855 0.768879494693002
Car 0 102.404 122.69 1.735 1.874 4.244 1.527 2.3472461871156804
Car 0 -82.129 -62.983 0.212 2.136 4.211 1.46 2.3714818291074695
Temporary_Construction_Barriers 0 31.104 -13.898 -0.058 1.135 0.312 0.629 -0.675144841585734
Car 0 44.558 75.419 1.092 1.878 4.459 1.445 -0.8816129290738282
Car 0 16.855 31.198 0.431 1.855 4.2 1.525 2.3623022698999026
Car 0 21.833 -20.358 0.352 1.694 4.006 1.561 0.7920661937984681
Temporary_Construction_Barriers 0 34.635 -1.869 0.233 0.491 1.808 0.667 0.8113040854846454
Temporary_Construction_Barriers 0 44.217 -11.54 0.24 0.478 2.062 0.681 0.7763975004447587
Temporary_Construction_Barriers 0 -16.773 32.823 -0.05 0.463 2.286 0.961 0.8037860797328868
Temporary_Construction_Barriers 0 28.482 -11.682 -0.01 1.135 0.29 0.629 -1.0591172770244857
Temporary_Construction_Barriers 0 -8.765 25.082 0.03 0.429 2.178 0.927 0.7863327872129435
Car 0 -9.252 -4.295 0.687 1.949 4.337 1.744 -0.780531312781533
Temporary_Construction_Barriers 0 21.381 -2.734 0.063 0.469 1.844 0.912 0.8113040854846457
Temporary_Construction_Barriers 0 19.667 10.281 0.225 0.547 1.954 0.94 -0.7594922413102498
Temporary_Construction_Barriers 0 22.845 -4.108 0.044 0.501 2.067 0.938 0.8113040854846457
Pedestrian 0 -29.417 -4.752 0.695 0.575 0.529 1.6 -1.7618294046505483
Temporary_Construction_Barriers 0 -0.366 23.427 0.127 0.448 1.836 0.899 2.357129114007842
Car 0 -14.029 59.792 0.522 1.928 4.777 1.52 2.390509598698575
Temporary_Construction_Barriers 0 18.354 8.911 0.218 0.541 1.757 0.845 -0.7769455338301929
Pedestrian_with_Object 0 14.831 -6.367 0.606 0.926 1.207 1.812 -2.369357573330923
Construction_Signs 0 3.588 28.541 0.54 0.797 0.269 1.847 0.18263334050351648
Pedestrian_with_Object 0 23.754 15.759 0.721 0.897 1.228 2.023 -2.2602022540026914
Pedestrian_with_Object 0 54.862 81.938 1.475 0.892 0.767 1.942 -1.6247815820836866
Car 0 35.599 0.42 0.527 1.937 4.424 1.531 -2.350291786666334
Pedestrian 0 25.035 14.333 0.665 0.845 1.109 1.943 -2.3125621315625207
Pedestrian 0 42.599 66.743 0.996 1.001 0.63 1.993 -0.7590984794564237
Pedestrian 0 52.696 43.669 1.103 0.517 0.566 1.808 -0.33295594613585067
Pedestrian 0 24.447 49.055 0.793 0.577 0.497 1.779 0.8681438739440276
Car 0 12.543 2.07 0.338 1.876 4.91 1.552 -2.3536402008404433
Car 0 2.528 11.816 0.443 1.795 4.61 1.572 -2.3187336158005576
Pedestrian_with_Object 0 -1.339 11.14 0.512 0.806 1.025 1.675 -2.3178382618923514
Pedestrian 0 13.04 29.345 0.481 0.835 1.058 1.766 0.8230405520307993
Pedestrian 0 24.064 49.306 0.817 0.594 0.395 1.972 -2.2866446747200513
Pedestrian 0 25.249 13.377 0.596 0.749 1.132 1.886 -2.382375301642293
Car 0 111.322 121.468 2.07 2.138 4.529 1.6 2.3233980082084424
Pedestrian_with_Object 0 28.125 12.102 0.621 0.661 1.001 1.736 -2.4521884717220654
Pedestrian_with_Object 0 24.305 16.394 0.664 0.729 1.232 1.913 -2.225295668962805
Pedestrian 0 44.056 66.064 1.02 0.732 0.631 1.736 -0.7765517719763668
Pedestrian 0 56.677 75.813 1.083 1.098 1.235 1.887 1.958636348381745
Car 0 86.794 101.303 1.59 2.293 4.529 1.647 2.372267124083322
Pedestrian 0 25.804 14.136 0.685 0.845 1.106 1.864 -2.4172818866821792
Pedestrian 0 12.831 28.318 0.458 0.8 1.097 1.708 0.7532273819510258
Pedestrian 0 43.035 66.312 1.072 0.845 0.605 1.842 -0.8463649420561392
Pedestrian_with_Object 0 25.319 15.726 0.58 0.665 1.121 1.693 -2.382375301642293
Pedestrian_with_Object 0 -1.981 10.542 0.615 1.058 1.203 1.962 -2.3352915544122945
Pedestrian_with_Object 0 25.753 15.955 0.657 0.785 1.964 1.829 -2.419646807817462
Pedestrian 0 54.947 81.041 1.35 0.907 0.832 1.692 -1.6003496504955432
Car 0 130.466 129.11 2.595 2.189 4.381 1.705 -0.12226542931973494
