Car 0 -36.76361605796633 -12.1472201052417 -1.05640383246724 2.532286385389426 5.105360210273741 1.8017221666967687 -1.4464193934836433
Bicycle 0 10.783685043854714 42.744146855529294 1.1687957340308643 2.0345426894981706 0.639969473351023 1.1551293175468849 0.024707076066141823
Pedestrian 0 16.275562452506403 -44.81545786606114 0.3387640917553034 0.9481214450142019 1.0164434237346072 2.025453525614321 -1.5787252765779127
Pedestrian 0 -76.11850973037058 106.01964211486606 -1.2089000220033197 1.2279034320383744 1.0807263724210827 1.694223883620673 0.31209745415379064
Cones 0 30.879873221778595 19.582045212278373 1.978648304061748 0.27817117649487244 0.28048592308621423 1.2357109400022694 -1.6112023554579364
Pedestrian 0 -83.17992005019556 118.98916674865355 -1.4576027936985583 1.333810462399029 1.2970723153449057 1.7093890181420337 -0.40737507855032806
Cones 0 77.54140947684618 16.56399809096343 4.063839635938762 0.5280688824586974 0.8848081971701305 1.517430233390959 -1.4955869398842843
Cones 0 66.24623685978902 3.4604439194113508 3.441292750891312 0.4624746833419664 0.6559591123518222 1.3630718626320126 -1.495586939884296
Car 0 4.193913365574421 -83.17624239958802 -1.2066084563894584 2.109482859869461 4.736870995802462 1.962322336558701 -1.5796676012584363
Cones 0 32.16483367576309 19.101423384279 2.080104157251766 0.3343731033139754 0.26657688436839067 1.3643114628927646 -1.6112023554579458
Pedestrian_with_Object 0 32.5918171251803 9.04306573874857 2.1883474412158748 1.4853856200337319 1.3087856022153748 1.9029189360341994 0.4824761823251683
Pedestrian_with_Object 0 15.810397169974234 11.4450073521873 1.2979953913821103 1.1615601068641297 1.1268351124596823 1.6688334499223496 -1.3179352272800489
Other_Vehicle_-_Pedicab 0 14.747374739422078 -2.522826332390885 1.1864988797511922 1.6557844349754802 2.5672761619323947 2.050722133339203 -1.6073919045767588
Pedestrian 0 14.355988697601465 19.22894871648662 1.4476811710685002 1.1623442945663438 1.2473262660573816 1.9206408404414212 1.9200057801104113
Pedestrian 0 11.277927733576332 -46.02787095976645 -0.08436792825338896 1.0493298580399433 1.0867927973715652 1.810857307999055 1.667512598684884
Pedestrian_with_Object 0 13.373717466658004 -10.005218644846908 0.887681243924001 1.1479399489272009 1.133681407732766 1.7150029141171168 -1.4402889826076206
Pedestrian 0 17.95547792267506 26.668704985186125 1.501467609186593 1.11971706915131 1.0571706791652566 1.3924818725783512 2.673099539923515
Bicycle 0 18.727893629175593 173.06811787840726 3.0675162982458457 1.763319067844197 0.9696702156156505 1.1648290171786795 -0.11408050251051273
Pedestrian 0 9.609884134096779 -80.04359905814692 -0.9277530640515033 0.9025208262472297 1.0265885973146425 1.7945616607609838 1.5977504574545447
Emergency_Vehicle 0 7.486329807282129 55.16547555090469 1.522799809277204 2.1863564783808522 5.241874994723382 2.042925900896415 -1.578835621880491
Car 0 -48.852957651047895 71.06969949788989 -1.2380012215471599 2.5413709543210885 5.367497762264151 1.7146884315481032 1.6826804084591662
Car 0 -47.54532433121488 157.95888393662747 -0.11161422237586549 2.7986439229692195 4.923377131756354 1.8595212837916353 1.413347676336834
Personal_Mobility_Device 0 18.624602009204306 -9.50609819658381 0.9455802851419056 0.996825419782148 1.246136965731413 1.2165639096885439 -1.635099883635377
Car 0 -45.03594929433254 169.82879026786404 0.3722355600382217 3.0928493792903495 5.216811286775709 2.127099202759094 1.3435615161635777
Pedestrian_with_Object 0 10.642851062614232 18.240708747908386 1.1888131194554727 1.0884582169263997 0.9538026664672579 1.8235531414459059 0.11047228938785021
Pylons 0 9.417925265646748 34.772232982659546 1.049970518793677 0.49650919499444157 0.38621425719686897 1.2567212362871905 -1.6059817958948106
Cones 0 82.90559175363461 15.761494725731605 4.2634463747546985 0.5280688824586974 0.884808197170134 1.517430233390959 -1.4955869398842847
Car 0 -18.83692268322375 -167.6389184871063 -3.1519297738939924 2.3936663925106494 4.401487137986663 1.9923680204179863 1.5484833206425832
Bicycle 0 15.70716914405867 19.906970646637134 1.443361061501346 1.5989264312090636 1.8067262738052072 1.7679995231536707 -0.944712239012558
Pedestrian 0 13.310254246999897 -58.899388890191375 -0.21297239779136745 1.0492361517806028 1.0723184448807075 1.6912527706546592 1.4930966246017314
Pedestrian 0 78.05658374120853 14.913086340359733 4.037919198879084 1.3529421418114538 1.292677428915578 2.0129660536990217 -2.4471163510034186
Pedestrian 0 113.13874820834798 9.343003116339679 5.374475287514292 1.2675894487672394 1.0872520471642915 1.9122528394303275 3.10004150313759
Cones 0 18.177759313033118 -32.740041983480864 0.47347996509726004 0.36611770608637784 0.35473090794926065 1.2016729710190932 -1.8313783361980052
Cones 0 18.50168606992071 -32.57195762454063 0.4888456558380124 0.3661177060863814 0.35473090794926065 1.201672971019093 -1.8313783361980118
Car 0 -48.771628379909934 151.1409691654103 -0.2613291266867105 2.7239419764251167 4.900354773451568 1.8572911367920506 1.4307930082655351
Pedestrian 0 14.160525868318967 14.088507488410611 1.33531452537123 0.905411503275543 1.027046618340485 1.8804334590050216 1.5257384550963633
Pedestrian_with_Object 0 -21.207978925018182 20.142685417669707 0.28911603342074144 1.2586454813678003 0.9419550172000903 2.109012042327211 0.10373682881150416
Car 0 -114.03494212588483 74.32791416472529 -3.677727867492643 2.4373007306353003 5.092940113675894 1.866937052489182 1.665240584582179
Car 0 -114.28653953941807 68.09268365268186 -3.6829435348412076 2.440223958730172 5.123799919595513 1.8672935859498776 1.6652405845821756
Pedestrian_with_Object 0 14.993179231493569 19.43699554463001 1.4520102376853363 1.119907933561942 1.1879554015262137 1.869500680329138 1.9374434419314728
Car 0 -28.398231089365304 234.67478145690112 1.8290552617943954 2.860821893717411 5.296821356241367 1.9454793761080535 1.4133476763368327
Pedestrian_with_Object 0 32.78320326731604 8.259785600242786 2.2339716586969276 1.4981974222099481 1.359116905028551 1.9053209259897508 0.5698169887130475
Cones 0 71.7829685017899 4.786368918969078 3.749331092683716 0.5295844165190857 1.0122036800981666 1.3082283133743613 -1.4955869398842914
Pedestrian 0 -54.63717766318095 132.78093778851886 -0.1292517059017168 0.9732112765596028 1.0329262328765196 1.7014484833293975 -1.6213419108711806
Pedestrian 0 110.02165809188531 11.008609076966453 5.27682801527743 1.3212196803419403 1.1484299711710264 1.908901247198469 -3.043420595750848
Bicycle 0 -12.822949678391016 164.61013537629657 2.0952799199054497 3.012857284043106 0.9795834734260609 1.469587846438759 -3.02421458589243
Bicycle 0 -12.656295256766754 166.04272163689004 2.123773949313129 3.012857284043106 0.9795834734260609 1.4695878464387588 -3.02421458589243
Bicycle 0 -12.448678911860661 171.22409481868866 2.2112233876540426 3.0206967668006524 1.077268484379232 1.469690746942135 -2.9892800881087713
Bicycle 0 -13.268857690203767 160.78152192459646 2.0191085180405106 3.0014117671786362 0.8807300318799491 1.469331686818511 -3.059148028250159
Car 0 -45.482485830536596 51.600711255722715 -1.2515117173121846 2.7783575735606902 4.524694159087581 1.4410417772367408 1.7873143033762042
Tram_/_Subway 0 -8.931846585677377 -44.41364138866458 0.6283829795774303 3.461588835583653 14.520967020747122 4.006627587894217 -1.558225649625325
Car 0 -2.829249922575732 -69.23153768047816 -0.8853893336476649 2.3727387108140507 5.159268323363904 1.7495512648807743 -1.5821914517271998
Car 0 8.036401171316081 -47.826573062079845 -0.2979687084359904 2.1223646667714124 4.585201452214143 1.8357649843614334 -1.617076181439257
Bus 0 -108.14063752592253 42.37582622209147 -2.7095159128788757 4.9183914072035435 16.723791105238462 3.8251065583454054 1.6359036519657628
Bicycle 0 12.351384415483809 94.89703271666937 1.8662482665297127 1.0012822685835694 1.9388005043150827 1.264789900039299 1.4187793303432679
Bicycle 0 18.65045936558516 -6.098654294054757 0.9897101870064506 1.5028052567790837 0.6636759518478819 1.226065469578908 -0.030059918845645017
Pedestrian_with_Object 0 18.853332947091488 -2.0373648291148863 1.363112372183767 2.013709350304559 1.9456107975350103 1.82647295374475 0.752340592643557
Pedestrian_with_Object 0 18.1875987451945 -1.3280932196571484 1.2685938214023866 2.005152709721621 1.9526593549768023 1.7687960804595264 0.7698049762370414
Pedestrian_with_Object 0 10.550957359231427 17.433260514612737 1.1247904841900043 0.9707252684070262 0.8454597209206582 1.721345851481466 -1.459880654039196
Pedestrian_with_Object 0 12.961636529772534 18.765925110588178 1.3514929573852767 0.983966996304602 1.210377474614745 1.8327917298550869 1.7979404707378783
Cones 0 84.8968456685144 15.502291175564192 4.338134834749952 0.5280688824586974 0.8848081971701323 1.517430233390959 -1.4955869398842845
Pedestrian 0 11.571423591325699 -121.61599382326636 -1.5892131541564647 0.9839278120234258 0.9795790779904365 1.7966963377977128 1.475652903854695
Signs 0 -29.56625619170432 44.53624245168166 1.0897472603935654 1.6046558130098738 0.8047659200675028 3.709226792293143 -1.3659364293737948
Car 0 -42.20779633734594 38.86402954299255 -0.7834928375735734 2.88882399506155 5.033918337488977 2.1917991236218226 1.769875835399868
Car 0 -41.91234750385031 -16.168483122670928 -1.1991702249464669 3.275346904476791 5.997432555142819 2.3139095663516267 -1.4451611343515451
Car 0 -50.23303948001056 138.59640154005828 -0.49791038011360045 2.572132742166275 4.8498630073301 1.8526754529079636 1.4656822883134997
Car 0 8.281415235325527 -7.695104636823703 0.6788338003168568 3.039067470487023 4.742837565477284 2.034142521535913 -1.5587270921946506
Car 0 -2.9754191700602406 -43.43655587304058 -0.19435959112272094 2.1329069567796966 4.983071033882432 2.094882188333042 -1.5647496584753195
Car 0 -35.89480093601193 203.91471928357302 1.1625632308291929 3.3546348490570495 5.565456005117767 1.9633280492688054 1.3261137267864107
Pedestrian 0 26.367322501011593 -0.2952000975700343 1.8637140419180669 0.9684571718611537 0.9952897866324755 2.006111274682473 0.10056377982649492
Pedestrian_with_Object 0 17.841631702948025 -4.740991106416854 1.2707893237025634 1.4809974918855175 1.517289477844911 1.9703652789316313 -2.1553740324444832
Pedestrian 0 12.311048598776377 0.49614115705059825 1.0103278432502552 0.9880680890180784 0.8419167744359108 1.7045968661027249 1.461669359458939
Car 0 0.8570690629140898 -60.442783159150366 -0.6063601218122231 2.2479671985655707 4.39794712554616 1.7992061968384367 -1.543244424949176
Car 0 -31.102024987157964 222.01929972203726 1.528692786129809 3.1768922867794664 5.368881191409599 1.9548085395637445 1.3435615161635759
Car 0 -111.93349552119754 41.38986467204786 -4.328713877771975 2.4338702826466942 5.1213396413950605 1.7064378187812665 1.6652405845821756
Pedestrian 0 12.682814349333492 -26.980959036776685 0.5436971915681731 0.9145650187724623 0.8993236706213814 1.8044926762609892 1.4573643571460684
Pedestrian 0 8.729319271534708 -80.02630477024692 -0.9622701674506847 0.9829141041799634 1.0284239575789087 1.7991419145287544 1.5454252831321709
Cones 0 33.13603801480273 19.036768098459405 2.1364941017999657 0.3224855412478931 0.25559559182638125 1.3257886612208962 -1.6112023554579407
Pedestrian 0 15.452739374044985 -44.81229239856631 0.3063116439768898 0.8897093845110824 1.016231298921241 2.0226327910415822 -1.56128355650272
Pedestrian_with_Object 0 -40.15033127642966 4.0501890538336145 -0.7172363774661727 1.3435740548064814 1.3482863336185695 1.9089707067813002 2.1981378156718043
Cones 0 78.8830792706477 16.15213197104496 4.110535071089729 0.5280688824586832 0.8848081971701323 1.517430233390959 -1.4955869398842838
Pedestrian 0 -74.12209115583133 115.11050521877155 -1.2692481892048038 1.0364324857323766 0.831013197399372 1.7016526751382646 0.008165107058154718
Cones 0 83.94448352826227 15.673760437390673 4.303139891357435 0.5280688824586832 0.884808197170134 1.517430233390959 -1.495586939884284
Pedestrian 0 -30.50166556156281 -65.81068794057082 -1.987160979733858 0.9666937677694349 1.013419011364448 1.8137064320369487 -1.5787252765779092
Bicycle 0 -12.954735345578033 168.97068438486477 2.1567687953132557 3.012857284043106 0.9795834734260609 1.4695878464387586 -3.02421458589243
Bicycle 0 -14.315573018002244 147.9674142321457 1.7817731670579915 3.0014117671786344 0.8807300318799776 1.469331686818511 -3.059148028250159
Pedestrian 0 -20.58263406104451 19.26561513788748 0.2883911717293963 1.1134214450298963 0.8725661895869692 1.9121634106739016 0.10373682881150822
Car 0 -43.880220583794625 45.46341294627456 -1.0759083576416275 2.8797343524197103 5.348556181676429 1.7471369985206964 1.769875835399871
Bicycle 0 19.02114392692082 -7.137059826110184 1.020498285097683 1.8249602027320933 1.2172270564451289 1.3524154952246263 0.46088309459111704
Car 0 -50.80859415567885 132.4552362078995 -0.6145730494103021 2.4172709204101324 4.793493857088919 1.847857294961854 1.5005697945332261
Car 0 -34.006217727094786 210.233202321395 1.33380155525454 3.3853173919115065 5.4102378155270685 1.961108367119645 1.308665423307819
Pedestrian_with_Object 0 13.57935518842348 19.220379531357683 1.382843207743625 0.7648766417817239 1.0154978464129556 1.8398705451288249 1.5712234082245506
Cones 0 80.24743710573465 15.881633807665498 4.160288879438452 0.5280688824586974 0.884808197170134 1.5174302333909595 -1.4955869398842847
Cones 0 18.521803704624464 -35.37887065508765 0.44670873949071566 0.4211486608582362 0.3694549514762713 1.203621447119084 -1.8313783361979865
Car 0 -2.8024033342325247 -106.58686071429825 -2.033193454412455 2.1126605825873064 4.261538664896662 1.4678727346458726 -1.558225649625323
Car 0 -42.19265463643545 59.85869886722966 -0.7720606535769232 3.063349775880006 4.695040346224424 1.5338767016622064 1.8322211341384476
Pedestrian 0 26.585124806936356 -0.9207168099761229 1.75565388258756 0.8625344601416032 0.7416246629312045 1.7741632232313362 0.06758616419139088
Pedestrian_with_Object 0 11.524486399600042 0.4126744299956533 0.9779826380163588 0.8483066723446999 0.9276312085241873 1.7008968221843728 1.4616693594589387
Cones 0 33.561010238839344 18.98195679841193 2.152441834694593 0.32565363920299006 0.2846498334878156 1.3263556717412586 -1.6112023554579447
Cones 0 31.253945558120186 19.19232130673524 2.0455150718328454 0.32846345557992507 0.26832885291401354 1.3641123613127868 -1.611202355457949
Pedestrian 0 -73.22087294831826 115.96974436849504 -1.1684621483590483 1.0407769787230734 0.9004547108979892 1.797583949205355 0.00816510705813998
Pedestrian 0 -77.26923122246282 104.13513202244842 -1.461335675612342 1.1691176437416289 0.9990700148571108 1.6974552851340703 -2.941293737765359
Cones 0 87.618895289382 13.527814370907386 4.420458643012935 0.522741265866955 0.8827452309771999 1.3825511739638632 -1.4955869398842838
Cones 0 64.63101591485788 3.571141886278406 3.379185914011918 0.5082497338669469 0.6980529041444044 1.3652922831469891 -1.4955869398842692
Cones 0 85.29340684218933 15.438980218291555 4.352830351848292 0.5280688824586974 0.8848081971701394 1.517430233390959 -1.4955869398842674
Cones 0 21.128482434294206 -4.540476405094964 1.2235227985196306 0.6206607372419732 0.5875772484961237 1.2380589829734672 -0.877073720171254
Bicycle 0 -12.763146196074171 165.32361090109896 2.108554670777764 3.012857284043106 0.9795834734260609 1.469587846438759 -3.02421458589243
Bicycle 0 -14.37496369772122 146.45561725783608 1.7563044483863648 3.0014117671786202 0.8807300318799491 1.4693316868185105 -3.059148028250158
Car 0 -3.4049410775090094 -7.304948166748251 0.3773374349479753 1.9561678503760613 4.479426952055997 1.7000274775682351 -1.580073998219547
Car 0 -82.56535824508914 99.08374300300409 -1.430504936982893 4.873807660578336 2.5253536827510743 1.7180662660190626 0.1528447351577877
Car 0 -46.58674241341176 163.4997128939462 0.010995616540902586 2.9619640258679 5.049332371846532 1.865762753341686 1.378455580126515
Pedestrian 0 11.63592982721437 -86.42874202669292 -0.7892463110499138 1.1074586350709037 1.1391314505482484 1.813941758080243 -1.7357262725050115
Pedestrian 0 12.406395328039128 -58.817184035737505 -0.2474167952935219 1.0113575295905228 1.056291438049719 1.690038084182845 1.5105399198568228
Pedestrian_with_Object 0 12.913620401648968 -44.696193320184165 0.16275382281268003 1.0845681459166965 1.1156593919351678 1.9326802013867255 1.7023919079441086
Pedestrian 0 113.07648482528913 8.284762296758174 5.35583021037555 1.2842168272319583 1.106495459258892 1.9125881451884714 3.082577756846089
Car 0 -14.630343545730033 -184.59192005575773 -3.245068236979163 2.4264961608212694 4.415215494609356 1.9851873655451597 1.6008083027519766
Bicycle 0 -12.869855277020331 163.715404440037 2.0797423358825617 3.012857284043106 0.9795834734260609 1.469587846438759 -3.02421458589243
Cones 0 18.40830704447947 -35.821109264227594 0.3663998313802164 0.42663413275641204 0.37157904259343155 1.342496923121798 -1.8313783361979807
Bicycle 0 -14.259730990926169 150.2815529238634 1.8193734796511851 3.0014117671786344 0.8807300318799776 1.46933168681851 -3.059148028250149
Bicycle 0 -13.336574295488873 162.3065294764643 2.039758653987814 3.0075845111340076 0.9302953107744543 1.4694789088855198 -3.041681447312176
Bicycle 0 -12.727264187881914 166.78047870264214 2.1322546774201703 3.012857284043104 0.9795834734260893 1.469587846438759 -3.02421458589242
Car 0 -48.24809626705938 65.45241259281433 -1.1699091351781465 3.0405849003075005 5.463049866654778 1.7368641467764332 1.7524371851285465
Pickup_Truck 0 -38.056261032239526 -24.906576442164933 -1.192517159893998 3.319566105623508 5.837861339378186 2.2187336535133193 1.7661875766554347
Car 0 -49.309717363882385 144.10543954636006 -0.42722434902409356 2.5824130335062705 4.947303857189354 1.8545718675987795 1.4656822883135006
Car 0 -1.6932962357542432 -142.440341402759 -2.6198347129992867 2.2081210313061974 4.404264751319289 1.657254507976269 -1.5407843508378123
Car 0 0.8905883952708284 -125.68223674867481 -1.9722000811933866 2.3739866472467064 4.666804897654657 1.7883888931040237 -1.5756673056035977
Personal_Mobility_Device 0 11.381333309499315 68.39153850842027 1.6217106860799926 0.6933549220101547 1.1848793777315905 1.2932136468677977 1.5196028303902327
Car 0 -110.25673049660489 17.199271528486896 -3.8918129565046353 2.5156702407681024 5.080962440510202 1.883394874776915 1.6826804084591644
Cones 0 62.953421233263306 3.374902097201771 3.214835588582418 0.5007516068118818 0.6951494702432459 1.1754624958051498 -1.4955869398842805
Cones 0 65.95569438008091 3.8386643261812563 3.435601407653014 0.5082497338669469 0.6980529041444039 1.3652922831469891 -1.4955869398842692
Cones 0 81.63682151330735 15.787419770167709 4.2137274715999125 0.5280688824586832 0.884808197170134 1.517430233390959 -1.495586939884284
Bicycle 0 -14.101059382866357 151.008781840729 1.8367638008153282 3.0014117671786344 0.8807300318799776 1.469331686818511 -3.059148028250149
Car 0 2.8876384001080666 1.0915199432489961 0.5451253834770782 1.9155173487640644 4.738941670609721 1.6536069346694586 -1.5787536449192658
Car 0 3.376909177662051 -42.27744803929687 -0.3711181622806197 2.1496176467028825 4.530202904069434 1.7102305005432377 -1.5996336215315108
Car 0 4.7566792249539525 160.7822456118181 2.829201967318538 2.1112322382819992 4.099333296639713 1.6202079076790645 -1.5850336272545746
Car 0 16.983734423670697 198.59792952853746 3.630316240257928 2.402496498073118 4.845729068874931 2.190653235889613 -1.6327669803076226
Car 0 19.83604166383809 237.11538059843363 3.743574731512558 2.2444837601986443 4.3526460141214045 1.7073469308492983 -1.632766980307621
Car 0 -35.06163380001389 -24.051819622732907 -1.3263959096904592 2.2882871838861405 4.419821057034536 1.6895445626040833 -1.4836263029091843
Pedestrian 0 18.90938163819098 26.593930656409142 1.5830427357932242 1.0367315359286202 1.0450817292291568 1.480313955620521 1.2253656451883361
Pedestrian 0 73.55124077429929 14.581392952109113 3.854888472736201 1.1500674662506611 1.0997746369622767 1.99995485465652 -2.6916617796124633
Cones 0 61.94029250988416 3.039670767366954 3.2998070270856705 0.5189368184848746 0.8047996846922869 1.4355324519833164 -1.4955869398842927
Car 0 -39.01709947064871 26.152976974774717 -0.9499653964267707 3.1713814285491253 5.317345422065159 1.6838441059322464 1.857066716005388
Pedestrian_with_Object 0 12.313246600040504 -17.775269992918723 0.6919196813462217 0.8250975730428856 0.8224010485369213 1.7625728358775499 1.6199758955391708
Pedestrian 0 18.73566963575513 25.505443641217838 1.4984782162258814 0.9865026955206062 0.9123826661686181 1.3439653714532853 -1.2185236219578512
Personal_Mobility_Device 0 10.022688271860265 53.713182794873 1.3745686049350194 0.7018329126723977 1.1968879753151356 1.292937358187495 -1.6092426792441101
Pedestrian 0 14.682330665417949 -55.090249272446115 -0.05047109150576912 1.1026381830150882 1.1372620095157018 1.6920509346884676 1.405873540628912
Cones 0 86.29020795898603 14.84541489929902 4.383124668842338 0.5280688824586974 0.8848081971701323 1.5174302333909586 -1.4955869398842845
Motorized_Scooter 0 -15.490873646064157 119.86708852271964 1.3766207786341145 0.873513151600152 1.4066598223840572 1.2083566131431593 -1.694597868448688
Pedestrian 0 9.229997516976098 -91.55203042992287 -1.3720058291027344 0.9839278120234329 0.9795790779904081 1.7966963377977125 1.475652903854691
Bicycle 0 -12.886909067048455 168.29366837502874 2.149092965292558 3.012857284043104 0.9795834734260893 1.4695878464387586 -3.02421458589242
Pedestrian 0 -28.797815506367982 -78.17037269189485 -2.376140204501617 0.9629042612332519 1.0116889808630702 1.6783900098638769 -1.5612835565027257
Car 0 -49.86492218238951 78.18624953309977 -1.3212621587319133 2.554531690082527 5.35206202847489 1.694178572836307 1.6826804084591642
Car 0 -47.15940430961845 59.52514824789598 -1.1404947294691599 2.8851622199500397 5.064377640428823 1.7822186365995092 1.7873143033762051
Car 0 0.5511540381393171 -33.975097711748674 -0.11753596629456048 1.9113211474436056 3.8886183421464793 1.6771489995372422 -1.5821914517271998
Car 0 -37.584301181380596 62.00551906941665 -0.16785005058660568 2.8359338172124993 4.973813157323342 1.9022915840796961 1.7450291869690768
Cones 0 30.83576074286943 19.16577713932435 1.7673570817082558 0.4245202323401358 0.4182091786967099 0.7377590671282532 -1.6112023554579356
Bicycle 0 10.710885234448417 43.35071045086207 1.1661894785978257 1.8607338503814095 0.6356742911232942 1.1481983108007645 0.02470707606614115
Medium-sized_Truck 0 -43.33811315787778 176.25782839856151 0.8258886960197641 3.550775313507849 5.655646419862592 2.2983195923380175 1.2912165996290523
Cones 0 31.69133201526368 19.170341420711527 2.0624553114371116 0.32137611240327146 0.31491463174724643 1.364556236124491 -1.6112023554579435
Cones 0 32.687712501484 19.062895411100854 2.1191852127071247 0.314659863312329 0.25926360522098335 1.3255456932712792 -1.611202355457949
Car 0 -111.4154350174066 35.64008643001206 -4.396193369646417 2.392379303235586 4.6833294928584905 1.7013773438552677 1.665240584582177
Car 0 -109.1280812750553 8.953448256739854 -4.223575681671705 2.3528112271103083 5.030331625056746 1.889551478608222 1.6478004755505264
Pedestrian 0 10.755701944312905 -86.28379969708455 -0.821797735757419 1.1074586350709108 1.1391314505482484 1.8139417580802428 -1.7357262725050133
Pedestrian 0 -47.178825238369086 11.10948502410514 -0.29135137997352173 1.0805141572144734 1.4474513963664712 1.9416239283984806 1.7168443611538757
Signs 0 9.745871359890412 10.660373263414295 1.8431642143741267 0.862185625208614 0.3391791103528554 3.3303171330742156 1.5689617605189945
Car 0 -32.742189240157686 -144.69132104304953 -3.339185017166221 2.3396216052493664 4.409804417980354 1.7802161780393853 1.60080830275198
Bicycle 0 -14.38381053575385 141.93923346180844 1.686877217158857 3.0014117671786344 0.8807300318799776 1.4693316868185105 -3.059148028250159
Bicycle 0 -13.259662765214946 160.0455397354768 2.0082149119754638 3.0014117671786487 0.8807300318799491 1.4693316868185107 -3.059148028250159
Bicycle 0 -12.81716087748432 167.60048830291265 2.141245820992188 3.012857284043106 0.9795834734260609 1.4695878464387586 -3.02421458589243
Medium-sized_Truck 0 -38.7224764148181 -17.50390856115498 -0.23282694556476513 4.001962487529234 7.462871603334911 4.155450717642485 1.7313099905666456
Car 0 -32.5720485354989 216.24110082219204 1.3822508483174167 3.385317391911517 5.410237815527097 1.9611083671196445 1.3086654233078219
Car 0 3.9410828563783706 -103.22257400295894 -1.8765188842166334 2.225034485622536 4.203745440230406 1.6945441424229168 -1.6105517453800648
Pedestrian 0 12.243344030677912 -35.594495213283125 0.357561824064795 0.8132541798882915 1.1483273813401809 1.8961408759759848 1.545425283132175
Car 0 -37.588014629796646 198.11775083564396 1.0070183791148948 3.4148500328596754 5.520309157548468 1.9639584169861477 1.30866542330782
Pedestrian 0 11.888267500247485 -87.91253364156401 -0.9581135441252586 1.0306596297191248 1.0588851669624262 1.80051652973923 1.5105399198568306
Bicycle 0 18.811841957954435 173.8939329133096 3.031416350538527 1.8000797931141577 0.9744309223391951 1.2170949552181094 -0.11408050251050693
Signs 0 -45.968729373337254 44.06795310318181 0.0003108868985814972 1.5490712352562426 0.7238668514219668 3.658077023735049 -1.3626191796533829
Cones 0 18.372278165184948 -33.05664796193289 0.4763208392532148 0.36611770608637784 0.35473090794926065 1.2016729710190932 -1.8313783361980052
Bicycle 0 -14.357578308976215 148.65911791310333 1.790693552693225 3.0014117671786362 0.8807300318799491 1.4693316868185105 -3.059148028250159
Car 0 -28.931991892551256 241.36397841514366 2.392715140463146 2.755902426824086 4.67422388911055 1.7682534461371817 1.4133476763368353
Pedestrian 0 -29.548618172440396 -65.80402537507689 -2.016474531343789 0.961366151177689 1.0113560451715244 1.678827372609853 -1.578725276577909
Bicycle 0 -12.542752503998392 170.49233643265342 2.1492732163109562 3.024406366501591 1.078704920098744 1.563606536469151 -2.9892800881087713
Bicycle 0 -14.211139336607268 149.45491827229313 1.8086494900083998 3.0014117671786362 0.8807300318799776 1.4693316868185105 -3.0591480282501586
Pedestrian 0 -36.9879403139219 -109.18634746782342 -3.0739412761916522 1.450988191510909 1.3994853630196502 1.6875452663168202 -2.137111361564162
Pedestrian 0 -40.455166407452836 6.61211691454905 -0.48390789788400873 1.2025146621748846 1.5351240547708658 1.89932077393324 1.88424976474611
Bus 0 -156.78198758424858 110.82060443796254 -4.355643940587067 13.310058554786252 4.3233718168421404 4.29117907513674 0.06459448958867509
Pedestrian 0 -34.10244948294866 -111.69309978138598 -2.998307270491762 1.0579663371156869 1.0980958925115658 1.6811255652234434 -1.6833854795009517
Pedestrian 0 -28.59456483914846 -71.2646293132986 -2.0623097482850694 1.1301892941018075 1.1614315465431986 1.6826014431607959 -1.770611625057136
Cones 0 18.282192994428108 -31.252537943333422 0.5003562880476689 0.36611770608637784 0.35473090794925355 1.2016729710190932 -1.8313783361980085
Bicycle 0 -14.31475039777918 147.2768938022764 1.7712441961174201 3.0014117671786344 0.8807300318799491 1.4693316868185105 -3.059148028250159
Cones 0 18.85242477232992 -24.93664252172426 0.6194811921077035 0.3476033265535534 0.29741014848085356 1.2013455845600438 -0.08683020905268524
Bus 0 -98.13894459905016 33.46261457967321 -2.3296754015966976 3.7112430501976093 13.357415813700452 4.010952482708428 -1.531482175403774
Pedestrian 0 17.478273859922655 -24.748297393449523 0.9614364268760353 1.1470352640239376 0.9982263974549284 2.029873060984801 3.0282684096087413
Bicycle 0 -13.319308123908066 161.5385343868749 2.028694220633156 3.0014117671786646 0.8807300318799491 1.469331686818511 -3.0591480282501595
Bicycle 0 -12.574316620059541 171.89344575075353 2.2585361345875734 3.0240906558887435 1.0785826702502561 1.555613703317915 -2.9892800881087713
Car 0 1.7044028191127159 88.31137393983974 1.5011135493330496 2.3659972646677194 4.564208782721792 1.7740640123166422 -1.6511766900614573
Car 0 1.3348215309622007 123.29891450227709 2.6271899513816273 2.469208301481225 4.613743501611424 1.6950114031171915 -1.6899836102432864
Pedestrian 0 16.544083276432477 130.51155137429348 2.751735164876213 0.9682093687851534 1.0409667871318788 1.8067750134688685 1.631876837076936
Pedestrian 0 16.79924725329006 48.34102940377227 1.9394104533209626 0.9680933442526083 0.9241484307908863 1.709197300884559 -1.5964659763607318
Car 0 7.402236134044526 35.851228526111775 0.9978654139484879 2.2450545138608096 4.9528655894818385 1.6987312677996291 -1.5090708325442892
Car 0 8.221377574098772 131.27374046149382 2.590792356105924 2.2552010659999713 4.371087797173544 1.7758561156416737 -1.6327669803076175
Car 0 -46.48575980047112 124.1515205908031 -0.2125082687782795 2.818613848982821 5.357070304844399 2.310317499246801 1.4434728555949259
Car 0 3.5487979361322095 70.21653275463866 1.4713623364954556 2.4171334354607037 5.357450790189844 1.8204638096467827 -1.6256946983155134
Pedestrian_with_Object 0 10.836805845624985 126.24075727347696 2.421945722615992 1.1016088182198587 0.9443082022656171 1.9345584551694088 -0.0791552570331008
Car 0 -0.4154568957002055 41.39652390221062 1.2172848399286005 2.0880236715978113 4.323181315037424 1.9719889890651092 -1.565807492766704
Pedestrian_with_Object 0 -18.33235872136541 119.93863344663012 1.6828525384221722 1.5028387701705945 1.479103920149413 2.003446731665645 2.6783689649189233
Pedestrian_with_Object 0 12.071489274925394 117.40411404632586 2.3986153678042674 1.1613400831859515 1.0168059285444713 1.8555857792687844 0.1653631911526481
Motorcycle 0 -46.354686387233855 96.98435549851192 -0.24951649135393356 1.3471181839342066 2.750401534623137 1.9841844168346843 1.5132483649342094
Pedestrian 0 28.226130267985006 174.02637544257837 3.9397778380876707 1.3926283721991517 1.4882305969399283 1.9176630920660536 1.3527784214996144
Pedestrian 0 22.434454485037648 69.09271514388041 2.61551429079821 1.0785798740717993 0.943698291361045 1.947641602405948 -1.474835349508827
Pedestrian 0 -36.92800905642772 94.21935933906477 0.20465059145601933 0.984801228606031 1.1968951373718966 1.9529275952378855 1.527248278719789
Car 0 0.4477821365159041 56.74524277815962 1.2489272220351655 2.2450141950923763 5.0604837309279915 1.9120424065579582 -1.6082519408004234
Pedestrian 0 17.54460972197458 47.71256160327927 2.00427966034563 1.0522514180706182 1.0088652609052104 1.7110053915427519 -1.701127163390696
Pedestrian_with_Object 0 -17.89379358243655 106.57145453217473 1.395635742507305 1.1421521416023523 0.8039425139196226 1.951778000194218 0.04309587713007822
Car 0 2.553353383825981 15.669976075852329 1.003120271712198 1.989444129614108 3.9175768899094674 2.300661385252189 -1.547773037316798
Pedestrian_with_Object 0 12.008544641780551 86.31488463357786 2.195868001157173 1.0537354547850697 0.8157891367382035 1.919059351815412 1.6807142006446556
Pedestrian_with_Object 0 -21.48275263565683 109.60096215797716 1.1690933413697362 0.7463836894269704 0.7892602184991517 1.6747506457797723 3.0100501973182894
Pedestrian 0 -16.13024959905161 111.66058115019158 1.6432218577465425 1.0988712606906024 0.900725987734134 1.9517353460590625 3.0624373965567213
Pedestrian_with_Object 0 -21.6416262487544 108.9424927488092 1.1527467132371871 0.7993565952202744 0.7785372795153052 1.6770910895142226 3.044974554522764
Car 0 -41.37237816663221 83.34637494889031 -0.3153596615995716 2.6299303434664196 5.216756148154559 2.1228230871021094 1.6527805287498745
Car 0 7.9243781705602885 74.1604155537862 1.572397373341651 3.2920296718006856 5.203269713199262 1.6675352824337444 -1.8693033875151444
Pedestrian 0 7.234254617896987 20.68753563900073 1.1206263019002294 0.8082219601955432 0.7835757920624395 1.8431795029778568 -3.0917569253298907
Car 0 -0.552037838539881 103.53694854983796 2.074244733155912 2.336336833318987 4.683141674230583 1.4707950563310073 -1.668620477244036
Pedestrian 0 15.504472715166616 66.38828761871397 2.1002421002258322 1.0670208614133365 1.0286712168609426 1.9328093322224202 -1.1905860581230625
Pedestrian 0 23.667993319983296 151.84028442872057 3.420400241268143 1.2414456549794153 1.366085708082295 1.9143555270179897 -1.6492514787381451
Pedestrian 0 19.373972845894144 83.00395530446535 2.457175000050413 0.9124648803109636 0.9974411165192834 1.9449620851364464 -1.5271565154696256
Pedestrian_with_Object 0 11.214934219282426 123.96299396760875 2.133802953358302 1.092478120780509 0.8982504283026316 1.789880474746547 -0.07915525703307129
Pedestrian 0 -29.66823544392354 113.11305423002007 0.8804733956563429 0.880857783620911 1.0004306768379507 1.9463139016934141 -1.5620389209525833
Pedestrian 0 -19.946046861849652 98.91379073118453 1.2304794887880974 1.318109352539949 1.410998760089882 2.0248310107781444 1.160847664718796
Car 0 7.071758047794024 112.59548191558156 1.9724432340121147 2.0861822151005205 4.388449005275774 1.63788673394047 -1.5804394068126932
Pedestrian 0 17.295740346906584 69.2864944132461 2.315413305568145 0.9729875146784934 0.9459144314300545 1.9430913803970575 -1.4696018337126395
Pedestrian_with_Object 0 9.848687225150247 17.87862408118272 1.1038631730950588 1.0341051735554174 0.9340647095693022 1.725501258797705 -3.0485871166885103
Pedestrian_with_Object 0 12.36938074387595 103.04379850788779 2.086648527867621 1.1372167232264712 1.1970136802492704 1.9359411864924434 -1.2481351966350283
Car 0 4.961636137454709 135.49616507641957 2.1152483124098165 2.482292723871868 4.272952248819706 1.6692523656488492 -1.6676540800479964
Car 0 13.827427055211215 174.53474838501518 3.073542453301612 2.11154262737384 4.291503027299996 1.822899672561371 -1.5804394068126957
Pedestrian 0 22.993038605803342 166.87315871249058 3.65669645827492 1.6782573618813075 1.6760335018030048 1.9737095612608195 0.95135060513497
Car 0 -3.2859723116049375 13.885294688368322 0.6881238148299628 1.8640350959541006 4.661966241909187 1.6238983172474855 -1.565214477500575
Pedestrian 0 18.176407166379512 69.4471707917798 2.352656485625021 1.0878059168803027 0.9425915938769549 1.9438828959248513 -1.3998444684178633
Pedestrian 0 -17.65697805139789 117.22405404515729 1.5348909767463508 1.1817090351483195 0.9073453656660178 1.9588972462660839 -0.07915525703307942
Other_Vehicle_-_Pedicab 0 18.638667881996916 60.03799990290657 2.3050727197218506 2.3264063661380696 3.186083616117436 2.1242443148935526 -1.7864980621333337
Pedestrian 0 -16.342816439523254 107.92490443422406 1.6617640288716204 1.2604740612489191 0.8577977834196275 1.765707921543036 -3.116850445372305
Pedestrian_with_Object 0 7.082517885556674 18.066579340774872 1.054527536035075 0.819718425821093 0.8752034559480499 1.969808348444951 0.026451868153763058
Pedestrian 0 15.157103469893071 69.13056890865657 2.228553963546841 0.8671111080839822 0.8892079729943418 1.943791228309332 -1.6108773783992396
Pedestrian_with_Object 0 16.147182983915297 101.848891395637 2.3677272147975974 0.954457243664983 1.0265065088219387 1.9472276094574716 -1.5306450071661062
Bus 0 -3.1856311124334984 62.15154189388473 2.5573258744606253 4.102765388077946 13.774252027992638 4.6248261019883365 -1.6256946983155127
Pedestrian 0 11.196456700065177 74.88862783210244 2.0030398868753325 1.043916372068045 0.9942773103079929 1.9641065395444322 0.30317050115311844
Pedestrian 0 -55.50741529223071 132.75504313786084 -0.1640214636394698 0.957025141989206 1.01862916026667 1.7010496799757822 -1.6038992535529557
Car 0 -3.6752035662954676 33.61043690958826 0.8953733818224264 2.033794474319279 4.432690455248807 1.7261162436408735 -1.5483660404781572
Car 0 2.930666968784177 33.06659383702784 0.9047641323071356 2.1058724303013054 4.595429406729135 1.6606010755276064 -1.565807492766705
Pedestrian_with_Object 0 15.907646593861514 99.48064134230194 2.322043489921488 0.9100196577641935 1.0970526072354687 1.9465998853870274 -1.5341329766646732
Pedestrian 0 -16.865352902710736 117.97982265205056 1.7108382324811746 1.1830902690795178 0.9078802087530704 1.9938658913027378 -0.07915525703307916
Pedestrian_with_Object 0 -20.866522507326742 109.23547311244607 1.204859058684942 0.7410361532761449 0.9270821009732373 1.7111892185901367 -0.09661809906701944
Pedestrian 0 16.560203006584572 68.91983555468477 2.2106893711953903 0.9252602415559394 0.8914922969130856 1.944142642471127 -1.6963471505352292
Pedestrian 0 6.187946420409155 54.155168773661536 1.5361338465053702 1.0506275819304278 0.9243899072285586 1.8570093084785728 1.5451266772290637
Pedestrian_with_Object 0 -18.29418347030474 112.12226531185067 1.4647199369822048 1.0988712606906006 0.900725987734134 1.9517353460590625 3.0624373965567204
Pedestrian 0 11.881624157105556 52.03081297298555 1.728537751824549 1.0506275819304243 0.9243899072285515 1.8570093084785728 -1.5964659763607287
Pedestrian_with_Object 0 13.093607187197529 103.3951555610033 2.2707633833783993 1.1395189010042213 1.1985814824178789 1.9358040897956228 -1.2446475976637223
Pedestrian 0 -23.49284812993949 61.015818079042745 0.48070977601685067 1.1722712389348402 0.8985252287164087 1.505206297455277 -0.028206626307893123
Pedestrian 0 -25.479132327883796 124.96404240467993 1.2772445731098805 1.2644680912564006 1.1247404307211042 1.9413204675924973 -2.7666071884661396
