TYPE_VEHICLE 0 -12.1472201052417 36.76361605796633 -1.05640383246724 4.886000000000001 2.035905398291346 1.6760000000000004 -3.0172157202785397 286
TYPE_CYCLIST 0 42.744146855529294 -10.783685043854714 1.1687957340308643 1.9800000000000026 0.7347077812480638 1.069 -1.5460892507287547 31
TYPE_PEDESTRIAN 0 -44.81545786606114 -16.275562452506403 0.3387640917553034 1.1867667397773665 0.978999999999998 1.978 3.133663703806777 38
TYPE_PEDESTRIAN 0 106.01964211486606 76.11850973037058 -1.2089000220033197 1.057385402360989 0.964999999999995 1.6530000000000005 -1.258698872641106 4
TYPE_PEDESTRIAN 0 118.98916674865355 83.17992005019556 -1.4576027936985583 1.2057704849481943 0.9650000000000036 1.6529999999999998 -1.9781714053452246 2
TYPE_VEHICLE 0 -83.17624239958802 -4.193913365574421 -1.2066084563894584 4.690999999999997 2.172821325482142 1.812 3.1327213791262536 18
TYPE_PEDESTRIAN 0 9.04306573874857 -32.5918171251803 2.1883474412158748 1.1550000000000027 1.1392517821994321 1.8519999999999999 -1.0883201444697284 99
TYPE_PEDESTRIAN 0 11.4450073521873 -15.810397169974234 1.2979953913821103 1.1400526851873876 0.9060000000000004 1.6279999999999997 -2.8887315540749454 210
TYPE_VEHICLE 0 -2.522826332390885 -14.747374739422078 1.1864988797511922 2.484000000000001 1.7316207637753354 1.953 3.104997075807931 1097
TYPE_PEDESTRIAN 0 19.22894871648662 -14.355988697601465 1.4476811710685002 1.1050009770386355 1.0089999999999981 1.888 0.34920945331551473 157
TYPE_PEDESTRIAN 0 -46.02787095976645 -11.277927733576332 -0.08436792825338896 1.1616738686940087 0.9790000000000019 1.765 0.09671627188998737 29
TYPE_PEDESTRIAN 0 -10.005218644846908 -13.373717466658004 0.887681243924001 1.2026660965820444 0.9919999999999992 1.6669999999999998 -3.0110853094025174 281
TYPE_PEDESTRIAN 0 26.668704985186125 -17.95547792267506 1.501467609186593 0.9461876977526679 0.8180000000000006 1.3470000000000002 1.1023032131286186 16
TYPE_CYCLIST 0 173.06811787840726 -18.727893629175593 3.0675162982458457 1.6449999999999907 0.9118255161878659 1.0890000000000002 -1.6848768293054093 0
TYPE_PEDESTRIAN 0 -80.04359905814692 -9.609884134096779 -0.9277530640515033 1.0878819876276753 0.9789999999999983 1.7500000000000002 0.02695413065964802 2
TYPE_VEHICLE 0 55.16547555090469 -7.486329807282129 1.522799809277204 5.1959999999999935 2.2537815730640522 1.882 3.133553358504199 59
TYPE_VEHICLE 0 71.06969949788989 48.852957651047895 -1.2380012215471599 5.162999999999993 2.0581773096306746 1.582 0.11188408166426961 1
TYPE_VEHICLE 0 157.95888393662747 47.54532433121488 -0.11161422237586549 4.636000000000006 2.184415021028453 1.6880000000000002 -0.15744865045806267 0
TYPE_VEHICLE 0 169.82879026786404 45.03594929433254 0.3722355600382217 4.868 2.171275234281856 1.9439999999999997 -0.22723481063131906 0
TYPE_PEDESTRIAN 0 18.240708747908386 -10.642851062614232 1.1888131194554727 1.1121914465560583 0.9329999999999995 1.778 -1.4603240374070463 87
TYPE_VEHICLE 0 -167.6389184871063 18.83692268322375 -3.1519297738939924 4.324000000000002 2.3919709467654413 1.837 -0.022313006152313474 9
TYPE_CYCLIST 0 19.906970646637134 -15.70716914405867 1.443361061501346 1.7409999999999997 0.9324467171049883 1.725 -2.5155085658074547 92
TYPE_PEDESTRIAN 0 -58.899388890191375 -13.310254246999897 -0.21297239779136745 1.1531311117374332 0.9790000000000009 1.6399999999999997 -0.07769970219316524 23
TYPE_PEDESTRIAN 0 14.913086340359733 -78.05658374120853 4.037919198879084 1.1718916868456388 0.9539999999999951 1.9650000000000003 2.265272629381271 9
TYPE_PEDESTRIAN 0 9.343003116339679 -113.13874820834798 5.374475287514292 1.2866153902228394 1.1549999999999931 1.8520000000000003 1.5292451763426933 5
TYPE_VEHICLE 0 151.1409691654103 48.771628379909934 -0.2613291266867105 4.636000000000006 2.1844150210284234 1.688 -0.1400033185293614 0
TYPE_PEDESTRIAN 0 14.088507488410611 -14.160525868318967 1.33531452537123 1.0928064282440968 0.9640000000000002 1.835 -0.04505787169853328 162
TYPE_PEDESTRIAN 0 20.142685417669707 21.207978925018182 0.28911603342074144 1.1526133209409728 1.1010000000000013 2.057 -1.4670594979833924 66
TYPE_VEHICLE 0 74.32791416472529 114.03494212588483 -3.677727867492643 4.909000000000006 2.08303657017229 1.734 0.09444425778728226 5
TYPE_VEHICLE 0 68.09268365268186 114.28653953941807 -3.6829435348412076 4.94 2.0830365701723035 1.7340000000000004 0.09444425778727902 1
TYPE_PEDESTRIAN 0 19.43699554463001 -14.993179231493569 1.4520102376853363 1.0649276593935015 0.9520000000000022 1.839 0.36664711513657616 118
TYPE_VEHICLE 0 234.67478145690112 28.398231089365304 1.8290552617943954 5.012999999999998 2.1970425320884575 1.766 -0.15744865045806386 0
TYPE_PEDESTRIAN 0 8.259785600242786 -32.78320326731604 2.2339716586969276 1.1550000000000018 1.1392517821994328 1.8519999999999999 -1.000979338081849 85
TYPE_PEDESTRIAN 0 132.78093778851886 54.63717766318095 -0.1292517059017168 1.1116986291427395 0.9650000000000016 1.6529999999999998 3.0910470695135093 2
TYPE_PEDESTRIAN 0 11.008609076966453 -110.02165809188531 5.27682801527743 1.2866153902228419 1.1549999999999925 1.8520000000000003 1.6689683846338417 8
TYPE_CYCLIST 0 164.61013537629657 12.822949678391016 2.0952799199054497 2.909 0.8378200001349186 1.3450000000000002 1.6881743944922598 0
TYPE_CYCLIST 0 166.04272163689004 12.656295256766754 2.123773949313129 2.909 0.8378200001349185 1.3450000000000002 1.6881743944922598 0
TYPE_CYCLIST 0 171.22409481868866 12.448678911860661 2.2112233876540426 2.9089999999999927 0.8378200001349373 1.3450000000000002 1.7231088922759183 0
TYPE_CYCLIST 0 160.78152192459646 13.268857690203767 2.0191085180405106 2.9089999999999923 0.8378200001349088 1.3450000000000002 1.6532409521345308 0
TYPE_VEHICLE 0 51.600711255722715 45.482485830536596 -1.2515117173121846 4.201999999999997 1.9752926627600265 1.337 0.21651797658130753 39
TYPE_VEHICLE 0 -69.23153768047816 2.829249922575732 -0.8853893336476649 5.109000000000003 2.378942081804997 1.5819999999999999 3.13019752865749 23
TYPE_VEHICLE 0 -47.826573062079845 -8.036401171316081 -0.2979687084359904 4.478 2.015629126756803 1.689 3.0953127989454328 122
TYPE_VEHICLE 0 42.37582622209147 108.14063752592253 -2.7095159128788757 16.467000000000006 4.06255486907386 3.4689999999999994 0.06510732517086618 41
TYPE_CYCLIST 0 94.89703271666937 -12.351384415483809 1.8662482665297127 1.8379999999999934 0.8587473788765436 1.2019999999999997 -0.15201699645162883 0
TYPE_CYCLIST 0 -6.098654294054757 -18.65045936558516 0.9897101870064506 1.4409999999999992 0.779313640596137 1.161 -1.6008562456405417 91
TYPE_PEDESTRIAN 0 -2.0373648291148863 -18.853332947091488 1.363112372183767 1.6550000000000002 1.323256514814961 1.746 -0.8184557341513397 156
TYPE_PEDESTRIAN 0 -1.3280932196571484 -18.1875987451945 1.2685938214023866 1.6549999999999985 1.3109830336448536 1.688 -0.8009913505578553 260
TYPE_PEDESTRIAN 0 17.433260514612737 -10.550957359231427 1.1247904841900043 1.090325100704253 0.7329999999999994 1.681 -3.0306769808340923 183
TYPE_PEDESTRIAN 0 18.765925110588178 -12.961636529772534 1.3514929573852767 1.0540000000000027 1.0025553002509158 1.7989999999999995 0.22714414394298177 148
TYPE_PEDESTRIAN 0 -121.61599382326636 -11.571423591325699 -1.5892131541564647 1.1118579688939836 0.8770000000000011 1.7500000000000002 -0.09514342294020153 6
TYPE_VEHICLE 0 38.86402954299255 42.20779633734594 -0.7834928375735734 4.717999999999996 2.1412364206055248 2.08 0.1990795086049715 42
TYPE_VEHICLE 0 -16.168483122670928 41.91234750385031 -1.1991702249464669 5.698000000000002 2.6982737947461697 2.155 -3.0159574611464417 0
TYPE_VEHICLE 0 138.59640154005828 50.23303948001056 -0.49791038011360045 4.635999999999994 2.1844150210284297 1.6879999999999997 -0.10511403848139698 0
TYPE_VEHICLE 0 -7.695104636823703 -8.281415235325527 0.6788338003168568 4.681999999999999 3.0466248098101523 1.8509999999999998 -3.1295234189895473 2716
TYPE_VEHICLE 0 -43.43655587304058 2.9754191700602406 -0.19435959112272094 4.943000000000006 2.222968126057015 1.9419999999999997 -3.135545985270216 181
TYPE_VEHICLE 0 203.91471928357302 35.89480093601193 1.1625632308291929 5.185999999999999 2.254376038432675 1.766 -0.24468260000848602 0
TYPE_PEDESTRIAN 0 -0.2952000975700343 -26.367322501011593 1.8637140419180669 1.2059360764151836 0.8060000000000019 1.9649999999999999 -1.4702325469684017 99
TYPE_PEDESTRIAN 0 -4.740991106416854 -17.841631702948025 1.2707893237025634 1.202629190341097 1.1889999999999996 1.9089999999999998 2.5570149479402065 116
TYPE_PEDESTRIAN 0 0.49614115705059825 -12.311048598776377 1.0103278432502552 1.1028777319576684 0.7279999999999999 1.66 -0.10912696733595757 92
TYPE_VEHICLE 0 -60.442783159150366 -0.8570690629140898 -0.6063601218122231 4.318999999999996 2.2115991711971845 1.657 -3.1140407517440725 24
TYPE_VEHICLE 0 222.01929972203726 31.102024987157964 1.528692786129809 5.013000000000002 2.1970425320884255 1.766 -0.22723481063132064 0
TYPE_VEHICLE 0 41.38986467204786 111.93349552119754 -4.328713877771975 4.940000000000012 2.056747176274327 1.5730000000000002 0.09444425778727902 0
TYPE_PEDESTRIAN 0 -26.980959036776685 -12.682814349333492 0.5436971915681731 1.0505784198544295 0.7909999999999968 1.762 -0.11343196964882835 60
TYPE_PEDESTRIAN 0 -80.02630477024692 -8.729319271534708 -0.9622701674506847 1.158328381412493 0.9790000000000071 1.7500000000000002 -0.02537104366272569 13
TYPE_PEDESTRIAN 0 -44.81229239856631 -15.452739374044985 0.3063116439768898 1.135945430465729 0.9789999999999985 1.978 -3.1320798832976164 20
TYPE_PEDESTRIAN 0 4.0501890538336145 40.15033127642966 -0.7172363774661727 1.1220046636998058 1.0380000000000082 1.866 0.6273414888769078 56
TYPE_PEDESTRIAN 0 115.11050521877155 74.12209115583133 -1.2692481892048038 1.057385402360985 0.9650000000000013 1.6530000000000002 -1.5626312197367418 1
TYPE_PEDESTRIAN 0 -65.81068794057082 30.50166556156281 -1.987160979733858 1.1616738686940062 0.9789999999999908 1.7650000000000001 3.1336637038067807 3
TYPE_CYCLIST 0 168.97068438486477 12.954735345578033 2.1567687953132557 2.9089999999999927 0.8378200001349192 1.3450000000000002 1.6881743944922598 0
TYPE_CYCLIST 0 147.9674142321457 14.315573018002244 1.7817731670579915 2.909 0.8378200001349184 1.345 1.6532409521345308 0
TYPE_PEDESTRIAN 0 19.26561513788748 20.58263406104451 0.2883911717293963 1.0635845699979238 0.9680000000000007 1.8659999999999999 -1.4670594979833884 92
TYPE_VEHICLE 0 45.46341294627456 43.880220583794625 -1.0759083576416275 5.057999999999996 2.007550230657129 1.6349999999999998 0.19907950860497423 74
TYPE_CYCLIST 0 -7.137059826110184 -19.02114392692082 1.020498285097683 1.7499999999999993 0.6920848534899122 1.2779999999999998 -1.1099132322037795 214
TYPE_VEHICLE 0 132.4552362078995 50.80859415567885 -0.6145730494103021 4.63600000000001 2.1844150210284528 1.6879999999999997 -0.07022653226167044 0
TYPE_VEHICLE 0 210.233202321395 34.006217727094786 1.33380155525454 5.012999999999989 2.2515529950230304 1.7659999999999998 -0.2621309034870777 0
TYPE_PEDESTRIAN 0 19.220379531357683 -13.57935518842348 1.382843207743625 1.0025553002509167 0.988 1.7989999999999995 0.00042708142965394155 79
TYPE_VEHICLE 0 -106.58686071429825 2.8024033342325247 -2.033193454412455 4.217999999999986 2.108674517693034 1.327 -3.1290219764202196 8
TYPE_VEHICLE 0 59.85869886722966 42.19265463643545 -0.7720606535769232 4.313999999999992 2.0769951091236276 1.4329999999999998 0.261424807343551 4
TYPE_PEDESTRIAN 0 -0.9207168099761229 -26.585124806936356 1.75565388258756 0.964575598693375 0.7509999999999988 1.737 -1.5032101626035057 96
TYPE_PEDESTRIAN 0 0.4126744299956533 -11.524486399600042 0.9779826380163588 0.9728478365866684 0.8310000000000004 1.66 -0.10912696733595796 346
TYPE_PEDESTRIAN 0 115.96974436849504 73.22087294831826 -1.1684621483590483 1.1371897066783323 0.9650000000000013 1.7480000000000004 -1.5626312197367567 2
TYPE_PEDESTRIAN 0 104.13513202244842 77.26923122246282 -1.461335675612342 1.0573854023609839 0.9649999999999969 1.6529999999999998 1.771095242619331 2
TYPE_CYCLIST 0 165.32361090109896 12.763146196074171 2.108554670777764 2.9089999999999927 0.8378200001349192 1.3450000000000002 1.6881743944922598 0
TYPE_CYCLIST 0 146.45561725783608 14.37496369772122 1.7563044483863648 2.908999999999971 0.8378200001349092 1.3450000000000002 1.6532409521345315 1
TYPE_VEHICLE 0 -7.304948166748251 3.4049410775090094 0.3773374349479753 4.437999999999999 1.997029766086653 1.5589999999999997 3.1323149821651426 1156
TYPE_VEHICLE 0 99.08374300300409 82.56535824508914 -1.430504936982893 4.593000000000002 1.961402617475021 1.513 -1.4179515916371088 0
TYPE_VEHICLE 0 163.4997128939462 46.58674241341176 0.010995616540902586 4.7219999999999995 2.184415021028455 1.6880000000000002 -0.1923407466683816 0
TYPE_PEDESTRIAN 0 -86.42874202669292 -11.63592982721437 -0.7892463110499138 1.1610043059589281 0.9789999999999894 1.7619999999999998 2.976662707879678 1
TYPE_PEDESTRIAN 0 -58.817184035737505 -12.406395328039128 -0.2474167952935219 1.133982850703002 0.9789999999999934 1.6399999999999997 -0.06025640693807372 18
TYPE_PEDESTRIAN 0 -44.696193320184165 -12.913620401648968 0.16275382281268003 1.1893143827071084 0.9790000000000044 1.888 0.13159558114921188 41
TYPE_PEDESTRIAN 0 8.284762296758174 -113.07648482528913 5.35583021037555 1.2866153902228408 1.1550000000000087 1.8520000000000003 1.5117814300511923 6
TYPE_VEHICLE 0 -184.59192005575773 14.630343545730033 -3.245068236979163 4.324000000000015 2.391970946765426 1.8370000000000002 0.030011975957080016 0
TYPE_CYCLIST 0 163.715404440037 12.869855277020331 2.0797423358825617 2.909 0.8378200001349185 1.3450000000000002 1.6881743944922598 0
TYPE_CYCLIST 0 150.2815529238634 14.259730990926169 1.8193734796511851 2.9089999999999865 0.8378200001349234 1.345 1.6532409521345408 0
TYPE_CYCLIST 0 162.3065294764643 13.336574295488873 2.039758653987814 2.908999999999995 0.8378200001349324 1.3450000000000002 1.6707075330725143 0
TYPE_CYCLIST 0 166.78047870264214 12.727264187881914 2.1322546774201703 2.9090000000000003 0.8378200001349326 1.3450000000000002 1.6881743944922696 0
TYPE_VEHICLE 0 65.45241259281433 48.24809626705938 -1.1699091351781465 5.1479999999999935 2.220572204547283 1.611 0.1816408583336498 33
TYPE_VEHICLE 0 -24.906576442164933 38.056261032239526 -1.192517159893998 5.480999999999999 2.4241152622099302 2.088 0.19539124986053807 44
TYPE_VEHICLE 0 144.10543954636006 49.309717363882385 -0.42722434902409356 4.733999999999995 2.1844150210284408 1.6879999999999997 -0.10511403848139612 0
TYPE_VEHICLE 0 -142.440341402759 1.6932962357542432 -2.6198347129992867 4.324000000000002 2.147500049465767 1.517 -3.111580677632709 5
TYPE_VEHICLE 0 -125.68223674867481 -0.8905883952708284 -1.9722000811933866 4.629999999999992 2.418974367634744 1.628 3.136721674781092 5
TYPE_VEHICLE 0 17.199271528486896 110.25673049660489 -3.8918129565046353 4.871999999999994 2.0864022251270895 1.754 0.11188408166426775 5
TYPE_CYCLIST 0 151.008781840729 14.101059382866357 1.8367638008153282 2.9089999999999936 0.8378200001349232 1.3450000000000002 1.6532409521345408 0
TYPE_VEHICLE 0 1.0915199432489961 -2.8876384001080666 0.5451253834770782 4.700999999999999 1.9562116795192734 1.51 3.1336353354654243 1226
TYPE_VEHICLE 0 -42.27744803929687 -3.376909177662051 -0.3711181622806197 4.450999999999993 2.0984613225710156 1.562 3.112755358853179 133
TYPE_VEHICLE 0 160.7822456118181 -4.7566792249539525 2.829201967318538 4.047999999999991 2.1190113178043624 1.479 3.127355353130115 1
TYPE_VEHICLE 0 198.59792952853746 -16.983734423670697 3.630316240257928 4.697000000000028 2.246878378664063 2.0310000000000006 3.0796220000770673 1
TYPE_VEHICLE 0 237.11538059843363 -19.83604166383809 3.743574731512558 4.2169999999999845 2.065075025712914 1.5599999999999998 3.079622000077069 0
TYPE_VEHICLE 0 -24.051819622732907 35.06163380001389 -1.3263959096904592 4.250999999999995 2.007408874083012 1.5650000000000002 -3.054422629704081 68
TYPE_PEDESTRIAN 0 26.593930656409142 -18.90938163819098 1.5830427357932242 0.9655621861963863 0.8180000000000016 1.435 -0.34543068160656054 10
TYPE_PEDESTRIAN 0 14.581392952109113 -73.55124077429929 3.854888472736201 1.1295580472706437 0.8060000000000014 1.965 2.0207272007722263 10
TYPE_VEHICLE 0 26.152976974774717 39.01709947064871 -0.9499653964267707 4.997000000000002 1.9237587111033716 1.593 0.28627038921049136 161
TYPE_PEDESTRIAN 0 -17.775269992918723 -12.313246600040504 0.6919196813462217 1.0081541345559555 0.7619999999999986 1.7250000000000003 0.04917956874427408 127
TYPE_PEDESTRIAN 0 25.505443641217838 -18.73566963575513 1.4984782162258814 0.9387791186659236 0.6759999999999997 1.313 -2.789319948752748 14
TYPE_PEDESTRIAN 0 -55.090249272446115 -14.682330665417949 -0.05047109150576912 1.1339828507029994 0.9789999999999974 1.64 -0.16492278616598455 5
TYPE_PEDESTRIAN 0 -91.55203042992287 -9.229997516976098 -1.3720058291027344 1.111857968893987 0.8769999999999943 1.7499999999999998 -0.09514342294020557 9
TYPE_CYCLIST 0 168.29366837502874 12.886909067048455 2.149092965292558 2.9090000000000003 0.8378200001349326 1.3450000000000002 1.6881743944922696 0
TYPE_PEDESTRIAN 0 -78.17037269189485 28.797815506367982 -2.376140204501617 1.1317870879100567 0.9790000000000091 1.63 -3.132079883297622 4
TYPE_VEHICLE 0 78.18624953309977 49.86492218238951 -1.3212621587319133 5.145999999999982 2.069954154910012 1.561 0.11188408166426755 7
TYPE_VEHICLE 0 59.52514824789598 47.15940430961845 -1.1404947294691599 4.754999999999999 2.0040923626258165 1.6760000000000002 0.21651797658130847 0
TYPE_VEHICLE 0 -33.975097711748674 -0.5511540381393171 -0.11753596629456048 3.844 1.950877771058899 1.547 3.13019752865749 144
TYPE_VEHICLE 0 62.00551906941665 37.584301181380596 -0.16785005058660568 4.673999999999998 2.1576731229137946 1.783 0.17423286017418027 54
TYPE_CYCLIST 0 43.35071045086207 -10.710885234448417 1.1661894785978257 1.8059999999999992 0.734707781248062 1.069 -1.5460892507287556 11
TYPE_VEHICLE 0 176.25782839856151 43.33811315787778 0.8258886960197641 5.246999999999996 2.320287048586997 2.0950000000000006 -0.2795797271658444 0
TYPE_VEHICLE 0 35.64008643001206 111.4154350174066 -4.396193369646417 4.500000000000011 2.0567471762743343 1.573 0.09444425778728038 0
TYPE_VEHICLE 0 8.953448256739854 109.1280812750553 -4.223575681671705 4.872 2.0864022251270775 1.7540000000000002 0.07700414875562993 0
TYPE_PEDESTRIAN 0 -86.28379969708455 -10.755701944312905 -0.821797735757419 1.1610043059589312 0.97899999999999 1.762 2.9766627078796764 1
TYPE_PEDESTRIAN 0 11.10948502410514 47.178825238369086 -0.29135137997352173 1.3129999999999986 1.1350580842613307 1.8970000000000002 0.14604803435897915 42
TYPE_VEHICLE 0 -144.69132104304953 32.742189240157686 -3.339185017166221 4.324000000000002 2.285867070244193 1.6349999999999993 0.0300119759570833 0
TYPE_CYCLIST 0 141.93923346180844 14.38381053575385 1.686877217158857 2.9089999999999994 0.8378200001349326 1.345 1.6532409521345308 0
TYPE_CYCLIST 0 160.0455397354768 13.259662765214946 2.0082149119754638 2.908999999999998 0.8378200001349234 1.345 1.6532409521345308 0
TYPE_CYCLIST 0 167.60048830291265 12.81716087748432 2.141245820992188 2.908999999999999 0.8378200001349188 1.3450000000000002 1.6881743944922598 0
TYPE_VEHICLE 0 -17.50390856115498 38.7224764148181 -0.23282694556476513 7.054 3.276991353469019 3.9830000000000005 0.16051366377174905 825
TYPE_VEHICLE 0 216.24110082219204 32.5720485354989 1.3822508483174167 5.0130000000000035 2.251552995023042 1.766 -0.26213090348707485 0
TYPE_VEHICLE 0 -103.22257400295894 -3.9410828563783706 -1.8765188842166334 4.103000000000001 2.13621683687344 1.549 3.101837235004625 6
TYPE_PEDESTRIAN 0 -35.594495213283125 -12.243344030677912 0.357561824064795 1.102000000000002 1.0308770628578898 1.852 -0.025371043662721596 48
TYPE_VEHICLE 0 198.11775083564396 37.588014629796646 1.0070183791148948 5.12699999999999 2.251552995023044 1.766 -0.2621309034870765 0
TYPE_PEDESTRIAN 0 -87.91253364156401 -11.888267500247485 -0.9581135441252586 1.171289655763881 0.9790000000000073 1.7500000000000002 -0.06025640693806604 6
TYPE_CYCLIST 0 173.8939329133096 -18.811841957954435 3.031416350538527 1.6800000000000102 0.9223104053069655 1.1399999999999995 -1.6848768293054035 0
TYPE_CYCLIST 0 148.65911791310333 14.357578308976215 1.790693552693225 2.9089999999999923 0.8378200001349088 1.345 1.6532409521345308 0
TYPE_VEHICLE 0 241.36397841514366 28.931991892551256 2.392715140463146 4.385000000000012 2.17088812788611 1.6019999999999999 -0.1574486504580612 0
TYPE_PEDESTRIAN 0 -65.80402537507689 29.548618172440396 -2.016474531343789 1.1317870879100551 0.979000000000005 1.6300000000000001 3.1336637038067807 23
TYPE_CYCLIST 0 170.49233643265342 12.542752503998392 2.1492732163109562 2.9089999999999945 0.8592680161676352 1.439 1.7231088922759183 0
TYPE_CYCLIST 0 149.45491827229313 14.211139336607268 1.8086494900083998 2.908999999999985 0.8378200001349336 1.3450000000000002 1.653240952134531 0
TYPE_PEDESTRIAN 0 -109.18634746782342 36.9879403139219 -3.0739412761916522 1.247474531550266 0.9789999999999939 1.63 2.5752776188205275 5
TYPE_PEDESTRIAN 0 6.61211691454905 40.455166407452836 -0.48390789788400873 1.3399999999999959 1.0678010038753536 1.8660000000000003 0.3134534379512135 41
TYPE_VEHICLE 0 110.82060443796254 156.78198758424858 -4.355643940587067 12.976999999999995 3.8452154334536877 3.7269999999999994 -1.5062018372062216 1
TYPE_PEDESTRIAN 0 -111.69309978138598 34.10244948294866 -2.998307270491762 1.1317870879100564 0.9790000000000016 1.63 3.029003500883738 5
TYPE_PEDESTRIAN 0 -71.2646293132986 28.59456483914846 -2.0623097482850694 1.1317870879100593 0.979000000000009 1.6300000000000001 2.9417773553275537 12
TYPE_CYCLIST 0 147.2768938022764 14.31475039777918 1.7712441961174201 2.9089999999999923 0.8378200001349086 1.345 1.6532409521345308 0
TYPE_VEHICLE 0 33.46261457967321 98.13894459905016 -2.3296754015966976 13.193999999999996 3.489294389271273 3.7109999999999994 -3.1022785021986703 163
TYPE_PEDESTRIAN 0 -24.748297393449523 -17.478273859922655 0.9614364268760353 1.186766739777366 0.9789999999999979 1.9779999999999998 1.4574720828138445 44
TYPE_CYCLIST 0 161.5385343868749 13.319308123908066 2.028694220633156 2.9090000000000122 0.8378200001349235 1.3450000000000002 1.6532409521345304 0
TYPE_CYCLIST 0 171.89344575075353 12.574316620059541 2.2585361345875734 2.9089999999999927 0.8574334504434938 1.431 1.7231088922759183 0
TYPE_VEHICLE 0 88.31137393983974 -1.7044028191127159 1.5011135493330496 4.396000000000001 2.1028803507942246 1.62 3.061212290323233 9
TYPE_VEHICLE 0 123.29891450227709 -1.3348215309622007 2.6271899513816273 4.395000000000012 2.0370623690062195 1.5380000000000003 3.0224053701414033 5
TYPE_PEDESTRIAN 0 130.51155137429348 -16.544083276432477 2.751735164876213 1.119711532022756 0.964999999999994 1.762 0.06108051028203957 1
TYPE_PEDESTRIAN 0 48.34102940377227 -16.79924725329006 1.9394104533209626 1.13101621449983 0.8760000000000012 1.662 3.115923004023958 8
TYPE_VEHICLE 0 35.851228526111775 -7.402236134044526 0.9978654139484879 4.822999999999998 2.0314243736491275 1.562 -3.079867159339186 48
TYPE_VEHICLE 0 131.27374046149382 -8.221377574098772 2.590792356105924 4.2340000000000115 2.0824978243633443 1.6280000000000003 3.0796220000770727 3
TYPE_VEHICLE 0 124.1515205908031 46.48575980047112 -0.2125082687782795 5.097999999999994 2.3285158960262438 2.1310000000000002 -0.12732347119997067 3
TYPE_VEHICLE 0 70.21653275463866 -3.5487979361322095 1.4713623364954556 5.225999999999995 2.2144432094220785 1.6509999999999996 3.0866942820691765 42
TYPE_PEDESTRIAN 0 126.24075727347696 -10.836805845624985 2.421945722615992 1.1473984880768713 0.9650000000000009 1.884 -1.6499515838279974 2
TYPE_VEHICLE 0 41.39652390221062 0.4154568957002055 1.2172848399286005 4.286999999999999 2.1739839362939137 1.83 -3.136603819561601 169
TYPE_PEDESTRIAN 0 119.93863344663012 18.33235872136541 1.6828525384221722 1.380137320451412 1.0480000000000063 1.941 1.1075726381240265 3
TYPE_PEDESTRIAN 0 117.40411404632586 -12.071489274925394 2.3986153678042674 1.1305656269470004 0.9650000000000083 1.81 -1.4054331356422485 3
TYPE_CYCLIST 0 96.98435549851192 46.354686387233855 -0.24951649135393356 2.661000000000001 1.3922778590321245 1.8960000000000001 -0.05754796186068713 4
TYPE_PEDESTRIAN 0 174.02637544257837 -28.226130267985006 3.9397778380876707 1.3407207488504265 1.2569999999999775 1.8520000000000003 -0.21801790529528217 1
TYPE_PEDESTRIAN 0 69.09271514388041 -22.434454485037648 2.61551429079821 1.225938352574013 0.8299999999999956 1.902 -3.0456316763037234 3
TYPE_PEDESTRIAN 0 94.21935933906477 36.92800905642772 0.20465059145601933 1.1685541159688349 1.130999999999997 1.9020000000000001 -0.04354804807510758 7
TYPE_VEHICLE 0 56.74524277815962 -0.4477821365159041 1.2489272220351655 4.961999999999996 2.1583132034704833 1.7530000000000001 3.1041370395842662 26
TYPE_PEDESTRIAN 0 47.71256160327927 -17.54460972197458 2.00427966034563 1.1310162144998335 0.8760000000000043 1.6619999999999997 3.011261816993994 26
TYPE_PEDESTRIAN 0 106.57145453217473 17.89379358243655 1.395635742507305 1.0576592779877478 1.0369999999999964 1.9020000000000001 -1.5277004496648183 0
TYPE_VEHICLE 0 15.669976075852329 -2.553353383825981 1.003120271712198 3.8449999999999984 2.071274611428566 2.175 -3.1185693641116945 1266
TYPE_PEDESTRIAN 0 86.31488463357786 -12.008544641780551 2.195868001157173 1.2037650477444286 0.6920000000000073 1.8759999999999994 0.10991787384975901 1
TYPE_PEDESTRIAN 0 109.60096215797716 21.48275263565683 1.1690933413697362 0.9640044943593217 0.5970000000000013 1.6399999999999997 1.439253870523393 1
TYPE_PEDESTRIAN 0 111.66058115019158 16.13024959905161 1.6432218577465425 1.114155408194269 0.9649999999999974 1.902 1.4916410697618248 0
TYPE_PEDESTRIAN 0 108.9424927488092 21.6416262487544 1.1527467132371871 0.964004494359312 0.6719999999999953 1.6399999999999997 1.4741782277278677 1
TYPE_VEHICLE 0 83.34637494889031 41.37237816663221 -0.3153596615995716 5.028999999999995 2.3417641265756464 1.9769999999999999 0.08198420195497788 11
TYPE_VEHICLE 0 74.1604155537862 -7.9243781705602885 1.572397373341651 4.836999999999995 2.0241052402698427 1.4790000000000003 2.8430855928695458 16
TYPE_PEDESTRIAN 0 20.68753563900073 -7.234254617896987 1.1206263019002294 1.0279753976307533 0.7020000000000017 1.8070000000000002 1.620632055054799 163
TYPE_VEHICLE 0 103.53694854983796 0.552037838539881 2.074244733155912 4.502999999999995 1.9598492107803227 1.3159999999999998 3.0437685031406536 4
TYPE_PEDESTRIAN 0 66.38828761871397 -15.504472715166616 2.1002421002258322 1.0820549286941765 0.773000000000008 1.9020000000000001 -2.761382384917959 7
TYPE_PEDESTRIAN 0 151.84028442872057 -23.667993319983296 3.420400241268143 1.3407207488504103 1.2570000000000021 1.8520000000000003 3.0631375016465445 2
TYPE_PEDESTRIAN 0 83.00395530446535 -19.373972845894144 2.457175000050413 1.1141554081942702 0.9349999999999928 1.902 -3.0979528422645224 1
TYPE_PEDESTRIAN 0 123.96299396760875 -11.214934219282426 2.133802953358302 1.0770658261932193 0.9650000000000009 1.7400000000000002 -1.649951583827968 6
TYPE_PEDESTRIAN 0 113.11305423002007 29.66823544392354 0.8804733956563429 1.114155408194266 0.9649999999999872 1.902 -3.13283524774748 0
TYPE_PEDESTRIAN 0 98.91379073118453 19.946046861849652 1.2304794887880974 1.1833969291214153 1.1309999999999958 1.9670000000000003 -0.40994866207610053 0
TYPE_VEHICLE 0 112.59548191558156 -7.071758047794024 1.9724432340121147 4.345999999999989 2.111600243421541 1.4929999999999999 3.1319495735719967 3
TYPE_PEDESTRIAN 0 69.2864944132461 -17.295740346906584 2.315413305568145 1.131110374702824 0.8389999999999962 1.902 -3.0403981605075363 23
TYPE_PEDESTRIAN 0 17.87862408118272 -9.848687225150247 1.1038631730950588 1.0903251007042538 0.8950000000000009 1.681 1.6638018636961796 185
TYPE_PEDESTRIAN 0 103.04379850788779 -12.36938074387595 2.086648527867621 1.1141554081942715 0.9650000000000055 1.9019999999999997 -2.818931523429925 5
TYPE_VEHICLE 0 135.49616507641957 -4.961636137454709 2.1152483124098165 4.070999999999998 2.1654061693122046 1.516 3.0447349003366933 7
TYPE_VEHICLE 0 174.53474838501518 -13.827427055211215 3.073542453301612 4.245999999999977 2.158481890039783 1.6790000000000007 3.131949573571994 4
TYPE_PEDESTRIAN 0 166.87315871249058 -22.993038605803342 3.65669645827492 1.352441038869833 1.25700000000001 1.9060000000000001 -0.6194457216599266 2
TYPE_VEHICLE 0 13.885294688368322 3.2859723116049375 0.6881238148299628 4.631000000000002 1.9154690052085572 1.4850000000000003 -3.1360108042954717 879
TYPE_PEDESTRIAN 0 69.4471707917798 -18.176407166379512 2.352656485625021 1.1967633799438373 0.7730000000000017 1.902 -2.9706407952127596 5
TYPE_PEDESTRIAN 0 117.22405404515729 17.65697805139789 1.5348909767463508 1.1150776805089366 1.047999999999997 1.906 -1.6499515838279761 3
TYPE_VEHICLE 0 60.03799990290657 -18.638667881996916 2.3050727197218506 2.8629999999999938 1.9084398209110602 1.9999999999999996 2.925890918251356 17
TYPE_PEDESTRIAN 0 107.92490443422406 16.342816439523254 1.6617640288716204 1.1740000000000035 1.07431262826028 1.709 1.5955385350123847 3
TYPE_PEDESTRIAN 0 18.066579340774872 -7.082517885556674 1.054527536035075 1.1454100946378158 0.7220000000000003 1.9309999999999998 -1.5443444586411335 210
TYPE_PEDESTRIAN 0 69.13056890865657 -15.157103469893071 2.228553963546841 1.08205492869418 0.8299999999999974 1.9019999999999997 3.1015116019854503 1
TYPE_PEDESTRIAN 0 101.848891395637 -16.147182983915297 2.3677272147975974 1.1515100960558402 0.9649999999999783 1.902 -3.1014413339610027 3
TYPE_VEHICLE 0 62.15154189388473 3.1856311124334984 2.5573258744606253 13.554000000000004 3.7320002109111168 4.269 3.086694282069177 312
TYPE_PEDESTRIAN 0 74.88862783210244 -11.196456700065177 2.0030398868753325 1.0963725793785302 0.7739999999999992 1.931 -1.2676258256417783 4
TYPE_PEDESTRIAN 0 132.75504313786084 55.50741529223071 -0.1640214636394698 1.1116986291427464 0.9650000000000245 1.6529999999999998 3.108489726831734 4
TYPE_VEHICLE 0 33.61043690958826 3.6752035662954676 0.8953733818224264 4.3690000000000015 2.020849717295739 1.5900000000000003 -3.119162367273054 238
TYPE_VEHICLE 0 33.06659383702784 -2.930666968784177 0.9047641323071356 4.5639999999999965 2.150701046363561 1.513 -3.1366038195616017 250
TYPE_PEDESTRIAN 0 99.48064134230194 -15.907646593861514 2.322043489921488 1.1141554081942722 1.039999999999997 1.902 -3.1049293034595697 2
TYPE_PEDESTRIAN 0 117.97982265205056 16.865352902710736 1.7108382324811746 1.1231597111461804 1.0479999999999987 1.9409999999999998 -1.6499515838279757 1
TYPE_PEDESTRIAN 0 109.23547311244607 20.866522507326742 1.204859058684942 1.105133509781601 0.5969999999999946 1.6739999999999995 -1.6674144258619161 6
TYPE_PEDESTRIAN 0 68.91983555468477 -16.560203006584572 2.2106893711953903 1.0820549286941774 0.7730000000000012 1.902 3.0160418298494607 7
TYPE_PEDESTRIAN 0 54.155168773661536 -6.187946420409155 1.5361338465053702 1.229810387631622 0.8719999999999981 1.807 -0.025669649565832994 28
TYPE_PEDESTRIAN 0 112.12226531185067 18.29418347030474 1.4647199369822048 1.114155408194269 0.9649999999999938 1.9020000000000001 1.491641069761824 1
TYPE_PEDESTRIAN 0 52.03081297298555 -11.881624157105556 1.728537751824549 1.2298103876316198 0.8719999999999944 1.807 3.115923004023961 15
TYPE_PEDESTRIAN 0 103.3951555610033 -13.093607187197529 2.2707633833783993 1.1141554081942684 0.9649999999999987 1.902 -2.815443924458619 3
TYPE_PEDESTRIAN 0 61.015818079042745 23.49284812993949 0.48070977601685067 1.092999999999999 1.054188575017239 1.45 -1.5990029531027898 22
TYPE_PEDESTRIAN 0 124.96404240467993 25.479132327883796 1.2772445731098805 1.1141554081942693 0.9650000000000019 1.9020000000000004 1.94578179191855 2
