Car 0 -0.9503553385321547 -5.086694568269969 0.34375529106518765 4.805941477519737 2.3352714161954795 1.5524791028963463 -3.08921794170594
Car 0 7.492554929447568 20.541808585492326 -0.05621508838626277 1.9281402921197843 4.526989587359349 1.6289657433369824 1.5527745034985818
Car 0 8.006278309978114 26.035660879275827 -0.0497915079180804 2.3560490798945386 4.6506424974296685 1.6977880796201563 1.4829574227128204
Car 0 8.086161035800119 32.41465427778512 -0.07923589431276928 2.2088378552954593 4.762138625643669 1.635928860892713 1.62259148997838
Car 0 8.967720479512977 50.38291480251407 -0.0929348967516948 2.27424002079253 4.527783663465264 1.8840920583550989 1.5004116976049482
Car 0 8.445904525698179 38.44262427321106 -0.14328552913241016 2.2139917127936135 4.764134428703677 1.6342882062170005 1.5178659701619832
Car 0 11.334418101481798 75.69880721942866 -0.3358721342720688 2.3704174581402633 4.843645652055102 2.0402725339810246 1.4655031466825694
Car 0 13.229673451794522 91.07651121018444 -0.45034540540871215 2.7905446947953756 4.9496404376181005 2.0416381370659664 1.3956860551376074
Car 0 15.116636028114721 105.73197994627375 -0.6091860836859699 2.6658988243213706 4.9082674912693705 1.9370017650006428 1.4305945960010509
Car 0 18.82290109609411 125.79066853826001 -0.8520959756129557 2.9945168358134318 4.987324379587108 1.6517519010711552 1.3084148082261857
Car 0 21.38636042090554 138.4399780405155 -0.9384985576694315 3.087231542147613 5.012223325888755 1.6519122208666366 1.3084148082261873
Car 0 25.01606409913399 155.21907840652574 -0.984684222214682 3.071119859549448 5.01625902730666 1.8135971746740793 1.3433232830723065
Car 0 23.28717043220953 21.75352167562534 0.12452369304200878 2.2623700694198448 5.154221008611504 1.9330514364541633 -1.6062724143999896
Car 0 -11.30784373427694 -5.1471456089725285 0.410858224609 4.465925610047197 1.9761329187094203 1.5504779727833211 -3.1241226357759597
Car 0 23.667723854221737 27.95712916985471 -0.16541621544934143 2.1257792416513013 4.696247560958305 1.6825604448736087 -1.6237266834278072
Pickup_Truck 0 23.940697906267317 38.18618135529967 -0.014716001934294343 2.327810060209373 5.821497123707282 2.2118378160442695 -1.5888181500912117
Car 0 28.69768171951229 90.43314468574684 -0.7166830577380119 2.168627775551105 4.789468063722381 1.8105282754716194 -1.623726683427808
Car 0 25.43083112607887 57.105392981877316 -0.42515164364131985 2.444126772738187 4.888470780117011 1.68290943899074 -1.6935437828772415
Car 0 35.317554802977895 129.87416897016146 -0.8904667020304518 2.92889601714144 5.007290299183069 1.8116731636541834 -1.7982693705174846
Car 0 32.185794245857565 113.2792696197753 -0.811775130573483 2.92889601714144 5.007290299183055 1.811673163654183 -1.7982693705174868
Car 0 -36.099163059494416 7.662722466520956 0.47503768823937736 4.140698743387169 1.8426933569803676 1.5127878641057733 1.768378693239619e-05
Car 0 -52.1239082623257 -5.34180541042268 1.1811211692327606 4.394389489408979 1.8322898363030662 1.5933386320889427 3.1241580104683484
Car 0 15.598710490018117 20.352633919133087 0.3138335211762306 1.9333976646734286 4.373468463482631 1.7938069885159869 1.565388696707861
Car 0 -63.15472878283062 -5.308386997382443 1.3449834714187974 4.396367726254937 1.940355162319487 1.697464507763602 3.1241580104683484
Pickup_Truck 0 -68.59397121238142 -5.333414409340379 1.6332826584190774 4.918002419550405 2.195228177423923 2.165464073149807 3.1241580104683484
Car 0 -7.181394372229187 7.925173264609899 0.3212595090138367 4.5979819992017745 1.8544039822890035 1.7693742626226259 1.7683786932792773e-05
Car 0 30.896926124109893 8.580048190732732 -0.1018137815870227 3.9853875704433577 1.9846989801795658 1.5639677225248363 0.03432548987019158
Car 0 -34.61328777844218 -5.2747961374289485 0.8610195810893057 4.3938928254886065 1.7984501313358683 1.5945211148948049 -3.1241226357759597
Pickup_Truck 0 -18.262476330816018 -5.006462894197765 0.6350809284545367 5.257344280588651 2.1332663718036744 1.5890013602843394 -3.1241226357759593
Motorized_Scooter 0 -33.3328859252117 7.923092887907208 0.49622872435713017 0.8625865691137449 2.0601527802741693 1.6493894729092795 1.5805398618080084
Car 0 -17.038724077516775 -0.47112386612416723 0.671841273630739 4.45946306487382 2.214278661413573 1.6418877880171958 -3.1072907243858623
Car 0 53.22007296752523 -4.014241521617333 -0.16953858287471185 4.025645874079231 2.0757107460536477 1.829921882908522 -3.1072671637196017
Car 0 -64.25977387007461 7.234861902918794 1.2177577654877167 5.054700653983083 2.690737082880804 2.0630972779395638 0.12218423606959379
Car 0 -57.74196149824886 -5.278098955538428 1.4386795624941362 4.39636772625493 1.940355162319487 1.697464507763602 3.124158010468349
Car 0 -81.13093508414742 -5.6295313615948706 1.761289020064115 4.768092067888944 2.0916834985901165 1.9762910941416703 3.124158010468346
Car 0 -18.183212226924653 7.822015401406863 0.2895207730035824 4.195721556721637 2.0169140597993653 1.5056154189549231 0.01747001781383396
Car 0 -27.148165226450704 -0.3793849610296761 1.3440969017466302 5.0294752175766035 2.347030285332207 2.549855959008275 -3.128234442684006
Pickup_Truck 0 -152.15086316449597 7.739016630897506 2.2847486981151626 4.821429632782582 5.566817323033713 1.9727616534002592 2.2020344463784998
Car 0 -8.602612818864744 -0.22996674920653126 0.5659541799671511 4.428821487479199 2.1920381191412974 1.564113575199009 3.1235375803644136
Car 0 78.8448943540902 9.256827404687298 -0.9820651731564841 3.812733315498434 1.9049921400557288 1.5290335869296983 -0.0005791859044590832
Car 0 47.70722136101087 -4.209613437512745 -0.1123723425632202 3.9942337137525996 2.035997542198973 1.6895645421499346 -3.1247195057301425
Pickup_Truck 0 53.223478094851345 8.991598525891721 -0.40188113971190814 5.123140398626624 2.148437664065451 1.7469159473100961 0.034325489870192016
Car 0 36.02353426639206 8.668652452467406 -0.1644256038623313 4.487034603313639 1.9259154145531792 1.5509751786108912 0.016873147859649877
Car 0 107.29494375914537 9.679544974158096 -1.3330291405102654 4.255184140413107 2.0524151865717677 1.7369526924870304 -0.035483833374024325
Car 0 91.14736854096695 -3.4437244620852914 -0.7545631717355661 4.105802273362627 1.9970213563827652 1.9852280368843664 -3.1247195057301425
Car 0 41.12858260738358 8.62486063989169 -0.3126204529332912 4.148567453347894 1.6599470345866232 1.5028176449997837 -0.0005791859044592172
Car 0 152.7301263900611 10.32199600031812 -2.414148918483034 4.256653476148415 2.0902277432807193 1.9113241758636013 -0.03548383337402251
Car 0 70.1514045339452 -3.920844686331402 -0.5492811523999239 3.9923334190351767 1.9197387165168234 1.7563276947840887 -3.1247195057301442
Car 0 131.3665256941658 -2.493434222788318 -1.9301669942006499 4.290701648874261 1.9994353003471101 1.9184694627823975 -3.124719505730142
Motorcycle 0 10.330046734385808 16.24853654455213 0.2419936294432251 1.520130341580792 2.2485406305781748 1.6814900108513184 1.1914878334710532
Car 0 112.33495742610388 -3.1285035811356225 -1.0803545630201203 4.290701648874247 1.999435300347098 1.918469462782397 -3.1247195057301433
Car 0 73.93207340824009 9.24770007468976 -0.807522783280673 3.5758091073028453 1.8538608638726082 1.6232183313914244 -0.0005791859044612607
Car 0 68.90223882980538 9.001097666415657 -0.7513501403290674 4.140771790393231 1.9055516699131747 1.5643925701631318 -0.0005791859044588753
Car 0 163.03552576663492 -1.9794756795837647 -2.468666786044567 4.319446131966032 1.9999445729348828 1.7334696468885746 -3.1072671637196003
Car 0 162.37041643424448 10.222003979080899 -2.4927648183248974 4.256391228734827 2.0877253144085497 1.674337532619654 -0.035483833374022264
Car 0 180.09221599000915 -1.3685396288019218 -2.088969846753894 4.31967960962109 2.0021724737451283 1.9444577554306541 -3.1072671637196003
Car 0 8.551180073891548 -36.783529499075726 0.5499328255106346 2.394402713770851 4.691094547152531 1.6970406754902734 1.6574999245270363
Car 0 181.09164696543735 10.187797601930317 -2.6341271955504735 4.224986619527044 2.0173586973370465 1.84707404366061 -0.018031512590144204
Car 0 119.08472729490566 9.70744993774243 -1.4843780517158471 4.256653476148358 2.090227743280721 1.9113241758636008 -0.0354838333740239
Car 0 105.88270787107814 -3.2415355748249404 -1.0720210120026306 4.290701648874247 1.999435300347097 1.9184694627823973 -3.1247195057301433
Car 0 35.48541820611215 -4.412809849637214 0.02230453372799268 4.204190200350624 1.9222386564741027 1.6546057772437623 -3.1247195057301433
Car 0 23.919497709656355 -30.27118193059737 0.5331639980470804 2.4541743254254094 5.230581011240666 1.8366775034094835 -1.4840927290627572
Car 0 23.60593602037161 -18.441185398204194 0.31558846960152065 2.10430993054068 4.955919792879273 1.6462074823466548 -1.5539096403598676
Car 0 172.52336818102933 10.523267977858362 -2.507181145833974 4.224796296509595 2.015542588619688 1.6750837371713319 -0.01803151259014378
Car 0 168.97799392755326 -1.608078547500987 -2.3031544700281152 4.319446131966032 1.9999445729348828 1.7334696468885746 -3.107267163719597
Pickup_Truck 0 12.093341885988956 -74.5492446072078 0.8947923162078635 2.79772282474244 5.421711672964491 2.170599882538722 1.6924083078646577
Car 0 10.216382292782953 -56.447873032889525 0.6697282943511678 2.3944027137708517 4.691094547152538 1.6970406754902734 1.657499924527036
Car 0 7.955378847906449 -22.50298095617903 0.635811886320705 2.3025071424194286 4.7810394749650875 1.899543829781686 1.5876830132299256
Car 0 24.455574856821443 -37.304026231723824 0.40682188946728426 2.0880409002553506 4.967496767118114 1.6839315726089301 -1.519001163611415
Signs 0 21.252689630908797 -134.97809071534266 2.5418044372884996 1.8197060142962478 0.36522751860709946 3.981167222089428 -1.4994245077596573
Car 0 12.414814272063682 -118.97109670592323 1.1614918191005696 4.20101814427068 4.818287707798049 1.7964954180778059 2.186628752495539
Car 0 21.211825619953153 -155.2572726506828 1.234899250986532 5.485769935106152 4.547792511453935 1.6952021854411712 2.5880485834784115
Car 0 29.915417998115416 -90.8245784610273 0.6619060772655324 2.0693739136955003 4.645842766464028 1.6805513463625286 -1.5190011636114154
Semi-truck 0 8.08083149152896 -151.48340128715503 2.9256769214193734 8.124082741886367 6.519795776436041 4.210489318564989 2.6006529018412565
Car 0 137.0817150187555 -2.5240513469566914 -1.3461348240219748 4.290701648874261 1.9994353003471101 1.9184694627823973 -3.124719505730142
Bicycle 0 32.2163164457886 10.57716223373193 -0.165364378090698 1.782583397507338 0.7762397485196963 1.2129259095472011 3.0862838620802004
Car 0 18.753274275823017 -157.09028452981386 1.0989664027104953 4.786627796688624 4.086002412588215 1.786886908026689 2.5531431692768947
Car 0 24.69165866263456 -162.0024680248619 1.0892614838540027 4.465514166581478 4.527246044122734 1.682535996290366 2.3437081493425835
Car 0 -92.04628165956638 -5.765602788429289 1.567793011607244 4.428335486719604 1.9364842547316456 1.7514380968573162 3.1241580104683497
Medium-sized_Truck 0 16.83087211387844 -161.1280402100512 2.4428030722732075 8.420741575065414 7.15241106108607 4.032249949405649 2.5308420412709656
Signs 0 17.453276587800232 -119.87539867506594 3.6896074101104643 1.0507020633980488 0.8720065491003339 1.3389676527660295 -0.9089341143962114
Car 0 8.94565132599189 -42.88174297884955 0.7298961172433333 2.376563161997294 4.485351140228062 1.9278490723936337 1.6574999245270372
Bus 0 31.74779409243591 -186.33726045496488 2.6924895337913513 6.907909587228616 12.560530052704166 4.0948335849394475 1.8676132846164657
Car 0 26.38960777224179 161.12402743976236 -1.0485566962830808 2.8309589487949864 4.488611794929426 1.8080357844357269 1.343323283072305
Towed_Object 0 3.19181751089852 -148.54119672880356 3.0730289964503728 11.12559198239078 8.26709831195464 3.9356374850113234 2.6059044064161982
Car 0 27.313359407150514 -159.72764701036616 1.1173427625447825 4.544384382463619 4.605205084309205 1.7934278731334952 2.3437081493425858
Car 0 24.841174096971923 -44.291528857392535 0.7461937832185179 2.3942748168798182 5.853980448960478 2.2794326254146564 -1.5190011636114156
Pedestrian 0 18.444002814884943 12.924674562804821 0.41212078784549816 1.3565001339025748 0.772583541309233 1.8452926112791612 -3.105726994101775
Car 0 23.621424693865087 -24.773572924523215 0.3504355284822797 1.952243169758873 4.517010447379334 1.5775749300612067 -1.5713638916855457
Signs 0 26.572343050032238 -118.82072047291174 3.386363700701289 1.8495026000394894 0.566845241556436 2.5045267596706156 -1.3844608772714413
Car 0 99.83108799746296 -3.463225300707369 -1.0389820849000733 4.29041063170223 1.9966583434130003 1.6554842848365827 -3.1247195057301433
Car 0 38.0344374497052 -180.71866216906636 1.5081409363758191 2.8804480193539987 4.821345641836473 1.7986897746801724 1.7851918584918172
Car 0 32.06186486867782 -175.50810223417594 1.4137273289112722 3.150047150287598 4.8772633945665405 1.7989068514404218 1.8550080166733631
Signs 0 26.477837770426135 -127.41664660667394 2.598186274590386 1.262935982752591 0.3837140095055247 2.9988935086472424 -1.3844608772713924
Car 0 44.26842140810321 163.96603388285857 -1.1793555935851572 3.0709734532704758 5.032796762538453 1.8121357187538303 -1.8331778453636085
Car 0 92.05487768277706 18.8158261292586 -1.0176156929799332 2.2623700694198448 5.154221008611511 1.9330514364541636 -1.6062724143999922
Car 0 29.413065383840127 172.33157859798166 -1.1792475787706396 2.9271382610155605 4.625386026798594 1.827432489293085 1.3433232830723065
Car 0 137.79823024126867 10.176925630230306 -1.921066785972775 4.256653476148358 2.0902277432807193 1.9113241758636013 -0.03548383337402251
Car 0 25.42297718454775 -50.2738402410446 0.42569779835424104 1.9665166997687251 4.180970871052651 1.5406043022164049 -1.519001163611415
Car 0 27.79590316373948 167.05024973654787 -1.121690552564013 2.927138261015564 4.625386026798623 1.8274324892930853 1.3433232830723074
Signs 0 17.455985770250944 -119.96367986114213 2.690480244772923 1.3314401362809818 0.29480914762865496 1.3333327530937327 -1.502364670614433
Car 0 40.55985430341585 -188.10117901412232 1.3252864930092343 2.880448019354013 4.821345641836444 1.7986897746801724 1.7851918584918172
Car 0 12.099702333855422 -112.01247573015446 1.1433649884459747 4.201018144270687 4.818287707798035 1.7964954180778057 2.1866287524955412
Bicycle 0 25.213284958699354 16.76209083464328 -0.19092200836792447 0.7691124489538623 1.870141465961769 1.2606089188783376 -1.6260995916006529
Car 0 32.496124605775876 -165.6772159528931 1.25843597300013 4.156303811322225 4.834736206428374 1.7967619724471047 2.169175315145794
Car 0 45.724537099829554 0.05583568510399156 -0.19522101685581422 4.356673302330833 1.9079973142105144 1.50022152129708 3.1361739368363053
Car 0 149.42510648396706 0.5270411457822424 -2.1600548061420364 4.460891573199234 2.0875450136144034 1.772630586365771 -3.1295590386594516
Car 0 154.52078494669948 3.748080898421822 -2.5797271978481997 4.369597226428198 1.9784758556899318 1.7713807387783276 -3.129559038659452
