Car 0 -43.83914885997373 5.676573204153417 2.667278369519132 2.1501234118950308 4.534279613198877 2.006376585842492 -1.5652534095833868
Car 0 -24.17223290465912 26.14230704323519 -1.2786897289903192 2.27569893932629 4.889362432852373 2.6620343759637124 -1.6063695463314847
Car 0 -49.28050993128943 5.362735909117738 2.3589103364567734 2.1383933626484364 4.567237360460918 2.0056845781633106 -1.5652534095833888
Car 0 -35.48123906202619 -60.113643345985835 6.349461566367619 2.124127818384487 4.346265111277084 1.8964918997356621 1.5642720409290676
Car 0 40.726486486482806 6.763533005180962 -0.46209486502599867 4.817477927888561 2.0953564428062377 2.2258396289466296 -0.02499123000639157
Car 0 -22.257613806784562 -29.915559929290044 2.853624174952314 4.761064020879363 2.274463952822103 2.485462206135027 -3.0586600567264908
Car 0 -35.411974694976706 -50.354381531359955 5.407172714134782 2.185540955948582 4.2722199381843495 1.900633161667658 1.5469388278895564
Motorized_Scooter 0 -35.54612803320115 -35.29175921562759 4.647395868314492 2.114388790862492 0.8691095349761824 1.6767179235238632 -3.0512068105497505
Motorcycle 0 19.250978091410882 13.467296791083065 -0.39868921840938976 1.3439280639061195 2.357087254131752 1.4058809053190924 1.7212639632307236
Signs 0 88.07661976829468 8.329476696073243 -2.9834602791629363 0.6224129397678695 1.333136223909058 2.934556591434239 -3.1196681273599545
Car 0 -35.46176025877889 -55.64519750384714 5.889783056866269 2.1421252909551356 4.314798914322452 1.8876252677050367 1.5816034965955388
Car 0 -13.067705230439076 6.661409400643745 0.470404085347885 4.986954944765873 2.361368598032029 2.647927551889422 -0.08165075759895504
Car 0 -35.89863190317711 35.153737527527426 -1.4447865511298796 2.211932957493076 3.8944004556137983 2.1209664328457567 1.5762993824192877
Pickup_Truck 0 30.057944354878174 6.890341748249032 -0.24886417103836178 5.465375830628179 2.060952837995983 2.4639872319831246 -0.02499123000639241
Car 0 26.282146709242355 27.318420383257795 -2.8527774608983076 2.4330805646998996 4.147034274496022 2.2520534638605287 -1.4991033958788453
Car 0 -23.91951297300284 14.524367278338232 0.4359347941545064 2.078628610419198 4.206320452213701 2.2366738336721266 -1.5543715183882205
Signs 0 85.67069771267474 -4.83409276112395 -1.8095913734385471 1.1460246403497365 1.351135907193055 2.9859736024889707 0.40735376065332146
Signs 0 -21.869165595647473 -8.495222782788845 4.402608848047932 1.870155157225664 0.5131907294136884 7.820231348624158 1.4646652666201778
Car 0 20.187254556904797 20.521182542171726 -1.2001754570626286 2.27037318311843 4.304054788743908 1.8241250240651499 1.6348475648577865
Car 0 -24.123139184731393 20.68479070862312 -0.48675774699560376 2.2141732589729735 3.8755842790668567 2.430474672342265 -1.6063695463314838
Car 0 -35.46068031621465 15.89331722113269 1.591191220279963 2.436080678482341 4.798525421141454 2.0764027345717775 1.6282859790816397
Car 0 -35.599369407698134 21.528624361645083 0.5701673380943012 2.0942336479598964 4.6613389843372595 1.9311093831566577 1.5762993824192877
Car 0 -24.586143781140624 35.657357529865365 -3.1109457218060705 2.201387981611326 4.569628177737421 1.9838166894205416 -1.6063695463314844
Signs 0 -41.37652225616731 -4.540771400052242 4.204539716569239 0.9283431552139021 1.191370462158711 3.3974369894210166 -0.13474650653401843
Motorized_Scooter 0 -35.55073800377831 -36.5121667139836 4.631200618156358 2.01330906772165 0.7516648143150064 1.5145048847395026 -3.086370262813394
Car 0 19.61896727276438 30.12738912913066 -2.7589511212783506 1.9810743082287274 4.079923302972325 1.7010737404966347 1.5655312286206429
Car 0 88.43403905292917 -2.840392803050821 -3.7383853267730975 4.628185438997349 2.105079239935915 2.3966009590822117 -3.1393025871564513
Signs 0 64.45059706100159 -4.514263371212619 0.2958934862101944 0.717678026242055 1.103705368775708 2.9735741073452093 0.07377233038800061
Pickup_Truck 0 -15.22444445862495 -2.9660640907026865 0.8693076764897947 6.202225903143393 2.3259400350524153 2.931924087518506 -3.125491618392408
Car 0 80.61460421763812 17.38023554039841 -3.2998670800214174 2.2736697525119354 4.5823258290054465 1.9958597371432232 -1.6160161761002676
Car 0 -24.36462120597458 40.52908419865567 -3.453389897240762 2.2013879816113295 4.569628177737414 1.9838166894205411 -1.6063695463314835
Signs 0 23.15810358713777 -4.631547608603962 4.279885217950296 1.5111916106734355 1.572370497641224 10.013301098430956 0.00944633270853059
Car 0 -8.77369794129174 -3.0294191143107883 0.4386378376374859 4.879568910549191 2.209631948162893 2.2718464447928435 -3.0897211001397547
Motorcycle 0 -27.26730656687493 -4.039981426692567 2.022609370383097 1.0546332384877246 1.9515437165456193 1.8179547603395152 -1.5774150737876587
Car 0 -2.664503708421972 -3.1744087108324757 0.4522334976515887 3.9818483254231953 1.872177952236497 2.1546737083458782 -3.10730078605115
Car 0 2.9049143675594475 -3.0380353173634673 0.3391777924210269 4.991242202036904 2.0216135337208447 2.2996330492556716 -3.1187848331841823
Car 0 14.997749990391567 -3.1406014907021715 0.14744939272749946 4.652483597524029 2.0791097527574673 2.1784435561963336 -3.118784833184182
Car 0 20.031815124800193 -3.1893903557159864 0.12166433538555121 4.424267988605351 2.0467754605875843 2.1664015613607495 -3.10120606282045
Car 0 24.936850285297723 -3.1575139801467706 -0.001225741364167643 4.02635760756209 1.9502757008756624 2.068085023924461 -3.1187848331841823
Car 0 30.685178616533825 -3.105154069229159 0.0997882974474621 4.768357036184131 2.1584926028733977 2.532259842451423 -3.10120606282045
Car 0 36.57760441782957 -3.0919831832895253 -0.17743851220083762 5.115800958391887 2.065836441091949 2.2555283220823403 -3.10120606282045
Car 0 41.90035518736135 -3.00379616524494 -0.19502530546349306 4.716382708700067 2.0921822375519326 2.2924126938835894 -3.10120606282045
Motorcycle 0 18.04048222647348 16.108433109066873 -0.3301639617780969 0.9566432814502974 1.9574877190947202 1.4140435493343042 1.5826580621946036
Car 0 48.57818822831412 -2.8950446071369678 -0.3579638698625033 4.783821964996463 1.9555125272788252 2.2049282701857456 -3.1187848331841823
Car 0 62.61711707314336 -2.75635054352084 -0.35965103886808053 4.936828329609142 2.293604720967782 2.589682681638062 -3.1012060628204505
Car 0 58.92626012851469 6.794581580636676 -0.5709129001265194 4.629502063036497 2.0972914961767444 2.5718868046612577 -0.02499123000639205
Car 0 -35.52242276215652 -20.657838458892037 3.6175937777607787 2.1143817288081834 4.526105344449242 1.8995297754284435 1.5642720409290665
Car 0 53.82954308296502 6.7399457624206764 -0.6459547882365945 5.06583263723121 2.1288240925018886 2.3668556130962077 -0.024991230006392254
Car 0 45.8472875613096 6.858399298744584 -0.5561519668214927 4.599268673614702 2.0430018972461266 2.2971881469598503 -0.024991230006392594
Car 0 35.72550630895999 6.8766565640012445 -0.3461020873897662 4.8444371323154485 2.031857809272 2.381379132000077 0.010159074309676433
Car 0 -24.069270773654573 -11.145885940949874 1.7334690938060984 2.281044641934873 4.845204532656625 2.2026109963329183 -1.5392793002087923
Car 0 -23.92648221206722 -25.28265207348553 2.5229067041798805 2.340692623542381 4.4285277060580555 2.0854348483983425 -1.6259443215584888
Motorized_Scooter 0 13.095879907031083 6.97456610543278 -0.041668792859745285 1.3758159212489325 2.302414748283015 1.5133233277096951 1.7174434567345123
Car 0 -35.68126150662545 26.728234887535855 -0.14122359745319607 2.1466584549461416 4.64078469208636 2.1627877065856564 1.5762993824192884
Car 0 -35.35210235773161 -15.915070559434099 3.2843677107914573 2.157774213219973 4.298518649048733 1.896534652906261 1.5296037123945248
Car 0 20.718058809060285 15.147147421026705 -0.5219045948007417 2.4696423492892876 4.939015139259938 1.9953712307158127 1.6175205804519739
Motorized_Scooter 0 -3.79872568478838 6.829885855349069 0.18589772949816907 1.7225878200179494 2.2536336657396117 1.7191939546395605 1.9464908397959888
Car 0 78.84720718611744 -17.325062969247217 -3.0568833576026595 2.793118712062409 4.732204986933388 2.05234849118497 1.670944830280251
Motorcycle 0 14.032458555170992 6.968910944497871 -0.07328295113143446 1.332986039897186 2.217107367478677 1.5696404773977248 1.7174434567345171
Motorcycle 0 18.122742650285943 13.679746985785478 -0.3326006100073968 0.9635872040973439 2.1807012714806984 1.4302239546660118 -1.5589345913951846
Car 0 -52.299869110030855 6.170855014231507 2.4535394107417487 2.1383933626484293 4.56723736046092 2.0056845781633097 -1.5652534095833888
Signs 0 -18.809263646817964 8.475041098344986 1.3576205281633158 0.5808071660760135 1.171707008076499 3.219130301813404 3.0493331659990646
Cones 0 29.35188506840031 9.31598273070735 -0.26254292087145464 0.632360669759592 0.47056710435095006 1.2745968330665791 0.08323325525096557
Car 0 -31.58221548954401 -0.2879902700484641 2.3673068457657926 2.0950799271664344 4.701904707224086 1.8110109734959574 1.598084214843593
Motorized_Scooter 0 -2.4927441788700255 6.659763854197383 0.17790955552818954 0.979251425309398 2.0120009817133573 1.5645174964998538 -1.558927659181787
Signs 0 -39.82242332072332 8.621860586081127 4.53129451220429 0.7299123023003347 1.6075639462781508 4.628743300147874 3.120069554416007
Car 0 26.454885063577493 14.85337981219395 -0.46277661933491054 2.270240321845634 4.866190561055042 2.6418029736514566 -1.5684172336062545
Car 0 87.8778422651863 6.825711640338539 -4.12116989123853 4.771294284744414 2.4536256623428754 2.3615032395533317 -0.054136427562693025
Car 0 -23.95463677334962 -19.86699775802355 2.313811854656924 2.067884163788136 4.215462150349378 2.140094250233592 -1.5739399788493247
Car 0 -41.314105470087085 5.903788228727975 2.865157655441861 2.140288251427073 4.9561681570469585 1.6323263469324583 -1.5652534095833879
Signs 0 -36.70611980320646 13.926980764658683 3.0524959195753594 0.9378156875849015 0.27619068722083817 3.3046800885087673 -1.631932062866241
Pedestrian_with_Object 0 44.25814673063975 11.168453415099123 -0.3932319422904128 0.9362831219712007 0.7243227698282073 1.808205739688747 0.004931788243056805
Car 0 36.647950563368774 3.128142189448149 -0.11402110739131666 4.830506046955733 2.110812347917968 2.373316787421805 -0.025465674945492667
Pedestrian_with_Object 0 43.29802058151292 10.58026600112532 -0.19573676815777497 1.0314874421313078 0.8213028720642512 1.9123389230102925 0.05766787090290254
Pedestrian_with_Object 0 42.114819171112686 10.262511911682491 -0.16196161354299754 1.0238372910737468 1.0196412013636795 1.8996675437096582 -0.04427498397257368
Car 0 -8.037935742583189 3.163846813195562 0.43826616511862404 4.698343976516863 1.9824658842861203 2.414047788657255 -0.016247794353246525
Pedestrian 0 43.28902340749667 11.437982854149196 -0.3981172289205211 0.9141519203890027 0.7486046047586097 1.8856743386384784 -0.026699414266666534
Pedestrian_with_Object 0 42.00786630236678 11.731956138583163 -0.3637926019846085 1.0943619954633448 0.9715952498518643 1.8358092128555796 -0.1496552966575721
