Car 0 98.44779933133957 -37.92783153070581 2.584939301936473 5.662000000000011 2.2179551906060557 1.9560000000000002 -3.0211721800764377
Car 0 73.08196520264691 54.7049712642853 -0.1123836857565495 5.401000000000004 2.4773228515402037 2.004 -0.7063082710552011
Car 0 113.51563932612979 67.15978308645145 0.01817032767463389 5.160000000000003 2.2359603300629844 2.0840000000000005 2.452740792768416
Car 0 61.25349242588519 58.81249668463881 -0.4834142647609422 5.811999999999999 2.472403566457544 1.9739999999999998 2.4352843825345896
Car 0 65.8216821572172 64.35737490718503 -0.8727073107883523 4.486000000000002 1.9212255641912988 1.693 2.4352843825345927
Car 0 93.28153427107422 69.32692052095905 -0.6349000827180429 4.998000000000005 2.230896429873844 1.7719999999999998 2.45274079276842
Car 0 70.79602368286228 69.74138918951027 -1.1434148909573856 4.696999999999989 2.092675311697935 1.7689999999999997 2.43528438253459
Car 0 62.79989345995783 40.04952297870082 0.15598588545678826 4.620999999999994 2.083104968103956 1.7120000000000002 -3.1148777433637735
Car 0 12.644957575133944 54.679466124945634 -0.6590760305043611 4.825999999999999 2.1170827121874494 1.5229999999999997 -0.6888518608213736
Car 0 114.26791546652706 48.944035390715335 0.37650047415020915 5.040000000000003 2.0939365352838095 1.6229999999999998 2.3130857059250522
Car 0 -12.947568135811764 57.377955148545155 -0.7308654732923882 4.143000000000003 1.8120679392469345 1.404 2.4003711332709434
Car 0 69.01024384119815 67.9529064912691 -1.0835651190443383 4.696999999999989 2.0926753116979464 1.7690000000000001 2.43528438253459
Car 0 -44.569914795182996 74.16644991784923 -1.7387187044738803 4.43800000000001 2.0817342167145987 1.5150000000000001 -0.74122152031885
Car 0 47.980441474204156 51.123396759431216 -0.41749936317078734 4.755000000000001 1.9771352966455749 1.523 2.4352843825345922
Car 0 68.85943724302237 48.58283626130715 -0.3459658672229184 4.51 2.0543536851846897 1.6399999999999997 -0.706308271055201
Car 0 94.07668834757663 78.70998874559314 -0.49979017751684696 4.926999999999994 2.0642481531855337 1.739 -0.7237648255455554
Car 0 65.58622994509795 74.1458701245249 -1.0927996457814815 4.6969999999999885 2.092675311697933 1.7689999999999997 -0.7063082710552057
Car 0 121.03829180231597 55.222589922413874 0.18615272849246556 4.983999999999996 2.0137767925225307 1.5100000000000002 1.7369648366636958
Car 0 74.15673560934428 74.00068404541163 -1.2064599359172237 4.696999999999994 2.0926753116979393 1.7689999999999997 2.435284382534588
Car 0 68.61149475890943 78.02238271419957 -1.000458168599392 4.696999999999999 2.05722076976044 1.769 -0.7063082710552037
Car 0 129.94163755097875 53.608127561623476 0.29777156811949274 4.372999999999994 1.928331739363556 1.5469999999999997 -3.1323273241695566
Car 0 46.20668967943464 78.93040570803238 -1.2101808269162568 4.218999999999999 1.9113367613644048 1.4649999999999999 -2.27734131848219
Car 0 94.95849624766313 71.3566021188432 -0.5171667387346572 4.789999999999994 2.2808681030469993 2.066 2.4178278280442376
Car 0 76.65422320359056 87.52069407884376 -1.535850907986042 4.696999999999991 2.0572207697604425 1.7690000000000001 -0.706308271055199
Car 0 56.800134197603555 62.803485286265754 -0.7752831947278742 4.486000000000003 1.9212255641912939 1.693 2.4352843825345905
Car 0 87.64478475073034 71.06233712023321 -0.6215183090437872 4.926999999999994 2.064248153185531 1.739 -0.7237648255455532
Car 0 29.732673812913553 49.54410551436159 -0.3779956569720927 4.937999999999997 2.1170827121874565 1.5229999999999997 2.4003711332709434
Car 0 58.00986746494635 55.33790097601602 -0.4068455087656244 4.696999999999997 2.0926753116979357 1.7689999999999997 -0.7063082710552023
Car 0 49.5282292211153 53.0149000813438 -0.5329864780598671 4.755000000000005 1.9971970916976187 1.646 2.435284382534591
Car 0 42.6172535199004 64.43631859396343 -0.9835428194940229 4.450000000000005 1.862469348049176 1.523 -0.7063082710552004
Car 0 79.8935935702502 61.64724551218012 -0.43327034593225733 4.6970000000000045 2.155561498489732 1.826 2.435284382534591
Car 0 90.09252295233928 65.46027870880626 -0.622019652122033 4.519999999999998 2.176717741145624 1.6870000000000003 -0.7237648255455542
Pickup_Truck 0 22.610927957466327 49.07514222208418 -0.28950610438799596 6.043000000000001 2.3655483799307024 1.912 -0.7063082710552018
Car 0 37.28751231922322 84.69432743398501 -1.1390502836620764 4.219000000000001 1.9520747523598816 1.71 0.8642513351076045
Car 0 70.36912620591207 50.79533130958506 -0.4360208319652628 4.620999999999999 2.0831049681039606 1.7119999999999997 2.435284382534589
Car 0 25.215743591882166 96.4286827518102 -1.9017730829922308 4.649999999999999 2.000867693745879 1.5060000000000002 -2.27734131848219
Car 0 84.04508796411893 57.874965009426774 -0.31929181188549616 5.118000000000005 2.4292629975854303 2.069 2.452740792768419
Medium-sized_Truck 0 17.780037270765654 59.74765267373359 -0.5640253798185566 6.089 2.310390622140188 1.99 2.4003711332709443
Pickup_Truck 0 45.924348184609826 49.50572360255164 -0.25907606312802867 5.799999999999996 2.3549546194553517 1.8469999999999998 2.4352843825345905
Car 0 64.25715598840239 62.46821457268828 -0.5693789447265224 5.776000000000007 2.507172434524729 2.181 2.435284382534592
Car 0 35.965327236940354 39.97192169105487 0.03845860077067492 4.637999999999995 1.966769432455782 1.5230000000000001 -3.079978954397904
Car 0 130.01344763761264 51.245886534569806 0.39452714450682436 4.372999999999987 2.044159526827267 1.5650000000000002 3.1334082719085172
Car 0 105.36061349329364 65.45311098451192 -0.36771696446699037 4.845999999999995 2.0883426581462956 1.6869999999999998 -0.6364835327281633
Car 0 7.872505305274128 49.444106479077284 -0.5377924358876677 4.8260000000000005 1.9385255085696302 1.5229999999999997 2.400371133270943
Other_Vehicle_-_Construction_Vehicle 0 109.84881859515457 81.78281861596935 0.3844456740297526 7.6350000000000025 3.5859517458429493 3.769 -2.216075713756986
Car 0 -17.68308554605865 39.501716904525864 -0.22233120668870165 4.118 1.9640588826786172 1.5059999999999998 3.0985084415278465
Car 0 84.58538807400804 67.13984752830184 -0.6221312127183509 5.1179999999999914 2.4292629975854214 2.069 2.4178278280442376
Car 0 79.18976306778946 88.31830037535184 -1.2790907225426564 4.6970000000000045 2.057220769760433 1.7689999999999997 -0.7063082710552037
Car 0 82.0988864385553 -43.77408048481099 2.3425627544407854 5.14 2.283745375343826 1.8079999999999998 -3.008776354077784
Car 0 16.66548103289744 39.991225071909184 -0.10018078677070963 4.253000000000001 1.8671553182916278 1.523 -3.0799789543979017
Car 0 55.497154517439895 80.42369126068108 -1.5337041677103889 4.263000000000004 2.009413403949905 1.5540000000000003 2.4352843825345896
Car 0 54.46167168635517 51.52305180219913 -0.4516282935844584 4.904999999999998 1.9971970916976192 1.646 2.435284382534591
Car 0 83.80597716424595 92.86163863077434 -1.3363350453257816 4.6970000000000045 2.057220769760434 1.7689999999999997 -0.7063082710552013
Car 0 43.46468478297621 -41.75362220950079 1.9764319120069405 4.3010000000000055 1.9066378780815292 1.552 0.5515747289470823
Car 0 104.36751197846172 85.77864658447898 -0.5216843496839177 4.9269999999999925 2.1435674636148025 1.777 0.7944520385825401
Car 0 38.544417187671364 67.67801413977715 -1.1468621359469542 4.449999999999994 1.8624693480491719 1.523 -0.6364835327281623
Car 0 41.759410440532626 40.138192068898604 -0.16014399564154774 4.252999999999998 1.8671553182916214 1.5229999999999997 -3.0799789543979017
Car 0 -9.103248905665634 -2.9832584681745105 0.4988399277949944 4.692000000000002 2.0877846864506755 1.7400000000000002 -3.1407268698480273
Car 0 30.49628347736464 74.481384662892 -1.488742679757866 3.9660000000000006 1.9888084606014056 1.4649999999999999 2.400371133270941
Car 0 76.36468321208419 58.22935779360101 -0.3017248130749177 5.356999999999996 2.4881238555331064 2.0690000000000004 2.435284382534589
Car 0 75.08456619036488 103.13375896495218 -1.232481952752436 4.263000000000002 2.009413403949917 1.5540000000000003 2.4352843825345896
Car 0 4.633762365444241 39.78202615704869 -0.3552410174603213 4.638000000000002 1.9667694324557867 1.5229999999999997 -3.079978954397904
Car 0 52.44413239805017 40.43239221937752 0.2920041681283998 5.253000000000001 2.39356433346783 1.847 -3.1323273241695553
Car 0 86.31653735360727 69.27556348486323 -0.7803352728185254 4.519999999999998 2.115287381163772 1.6149999999999998 -0.7237648255455519
Car 0 -47.29402144514949 0.14922767100574502 -0.08802072453233745 4.692000000000003 2.023444306924489 1.606 -3.1407268698480273
Car 0 -2.905136347770075 31.178336275935695 -0.10613135982059163 5.838000000000001 2.3295897676163606 2.015 0.009265329420237615
Car 0 10.927815305338495 39.891740007901404 0.07046129723807282 5.006 2.125677083249442 1.6740000000000002 -3.1148777433637735
Car 0 26.50286773160138 78.20170939129702 -1.2149058730495064 4.756999999999986 1.9888084606014018 1.4649999999999999 2.400371133270946
Car 0 -39.529296094638624 30.81171505845861 -0.4201659419116396 4.843999999999999 2.1567058419731757 2.0639999999999996 0.009265329420237965
Car 0 110.66288648446614 -52.17418613433907 2.8943085781412967 4.803000000000008 2.0761614748813506 1.6120000000000003 -3.0611233347118105
Car 0 -31.521694829601607 44.34957232846679 -0.44943225469402787 4.564000000000003 2.036547267030116 1.4039999999999997 0.07906291684963938
Car 0 -26.27908103436321 96.31309743233459 -2.1146245479972516 4.698000000000006 2.111287851345901 1.701 -0.7412215203188502
Car 0 129.28678304492826 56.47629161462442 0.24401711734024345 4.373000000000008 1.9602795342502908 1.547 3.133408271908514
Car 0 75.4813480204972 -36.93613040722064 2.345882680224512 5.140000000000002 2.2837453753438304 1.8080000000000003 -3.0262252453190754
Car 0 21.1081511277721 31.148820290651155 -0.03557341496540878 4.810999999999999 2.040561598526178 1.512 -0.008184381681277263
Car 0 64.67746204146425 -35.65310286031671 2.071224591063504 5.0989999999999975 2.1085487152300675 1.888 -2.9215332146784294
Car 0 -12.117617469884841 77.86258030347504 -1.2648384633787007 4.698000000000002 2.1112878513458893 1.7010000000000003 -0.74122152031885
Car 0 42.50222124123404 -39.493417931096424 1.8883322485584537 4.922999999999998 1.9159899328008798 1.608 -2.5900179246427104
Car 0 16.364973994779 83.9114143936609 -1.5314929335529281 4.218999999999986 1.9113367613643897 1.4649999999999999 -0.7412215203188479
Car 0 80.56915546091238 54.662736599634904 -0.1808473230888336 5.074000000000003 2.429262997585423 2.0690000000000004 2.4352843825345913
Car 0 12.105005783521811 61.693430287719465 -0.8038129852163518 4.335000000000004 2.0457110416195405 1.673 -0.7412215203188505
Car 0 -3.4176585795896606 121.27920758144774 -2.713567255378842 4.375000000000002 2.111287851345909 1.701 -0.7412215203188481
Car 0 -16.142678063011164 0.20214762923913807 0.29800384220881304 4.563 1.9665700147017056 1.551 -3.1407268698480273
Car 0 98.27110839325869 55.20426545734986 -0.25635809886301086 5.099000000000009 2.1767177411456213 1.687 2.5051091208616327
Car 0 73.4961163513981 40.14154216946662 -0.06441675781194778 4.621000000000012 2.0831049681039606 1.712 -3.1148777433637735
Car 0 72.43266526910321 71.77933939966125 -1.1733023320056715 4.696999999999995 2.0926753116979406 1.769 2.435284382534592
Car 0 33.15019315518209 52.72199643729927 -0.5972599430078377 4.755000000000003 1.9272390331173126 1.523 -0.7063082710552021
Car 0 -45.51257917219934 30.628705125118795 -0.5981349787541278 4.593000000000004 2.095276714123802 1.817 0.009265329420239374
Car 0 27.295044756730306 70.67240827599943 -1.3772458743940283 4.826000000000003 1.8581293630581026 1.3970000000000002 -0.7412215203188516
Car 0 -6.5731766196567865 58.50959550444734 -1.03554383429796 4.290000000000003 1.8120679392469288 1.4040000000000001 -0.7412215203188515
Car 0 -32.09245687054873 51.75455285344606 -0.8533234743208337 4.142999999999995 1.8120679392469292 1.4040000000000001 0.07906291684964144
Car 0 -34.34523645957928 85.57429664008194 -2.043750006935066 4.698000000000001 2.111287851345896 1.701 -0.7412215203188497
Car 0 74.46861739359015 82.98365576356812 -1.2050948513318542 4.696999999999991 2.0572207697604386 1.7689999999999995 -0.706308271055199
Car 0 -32.241168266211034 39.53661039869693 -0.6424204320504605 4.118000000000006 1.9640588826786218 1.5059999999999998 -3.0625297367401587
Car 0 129.64735253052328 59.063504361073896 0.28944674057380343 4.372999999999966 1.9283317393635564 1.5469999999999997 -3.132327324169553
Car 0 1.2664542114258095 91.74680119927174 -1.5738244602469975 5.014000000000001 2.127132716731713 1.7959999999999998 2.4003711332709443
Car 0 52.02020482486856 57.0510605715118 -0.6804723685895476 4.477999999999999 1.9855072770000364 1.5749999999999997 -0.7063082710552017
Car 0 1.6904246098174405 127.6465434559215 -3.0030581736055835 4.374999999999993 2.1112878513458933 1.7009999999999996 -0.7412215203188457
Car 0 30.516373681228643 58.386773943406 -0.707004122492657 4.2780000000000005 1.8624693480491805 1.523 2.3654573396203546
Car 0 59.294834697661415 -36.45337202728747 1.8439227253830843 4.792999999999999 1.9255212630453187 1.6639999999999997 0.04557078599650268
Car 0 56.06770234179484 53.397957402954304 -0.34811248781146475 5.285000000000002 2.354954619455353 1.847 2.435284382534592
Car 0 129.44936343925298 45.72169022805508 0.510104755877069 4.6419999999999835 2.0435464858174206 1.476 -0.04128511212601919
Car 0 55.468295478484286 60.39552612381537 -0.5750825498089089 5.2630000000000035 2.1330567622619148 1.9739999999999995 2.435284382534592
Car 0 -21.464045379040442 31.037446170459564 -0.5130693737861853 3.894 1.9409764443997826 1.705 0.00926532942023966
Car 0 -15.56625848429409 31.0584587163361 -0.23426260006287425 5.611999999999999 2.287709507125399 2.0310000000000006 0.009265329420239405
Car 0 131.0869726522024 -39.24534255999704 2.9861619562940316 4.396999999999997 2.107106937880435 1.7990000000000002 0.15026509555724218
Car 0 47.514817714724074 31.63415117210646 -0.008375969131562355 5.0189999999999975 2.120020175290423 1.5789999999999997 0.026714910226020308
Car 0 61.00878181784191 -49.45760330867215 2.378637648946267 4.679000000000002 2.067996483746139 1.6430000000000002 -3.026225245319075
Car 0 25.39678148213648 69.09696071790421 -1.2222409324724368 4.696000000000003 2.12569407000538 1.5789999999999997 2.400371133270943
Car 0 5.287433352417809 54.54820197030787 -0.6224695576808701 4.752999999999997 2.056458688503148 1.5229999999999997 2.400371133270943
Car 0 125.45633265785 -37.41668410602831 2.812453831188914 5.111999999999988 2.219358718870705 1.799 -3.096021867593292
Car 0 126.01960810735281 -42.668449223963606 2.885835804625846 4.397000000000002 2.107106937880432 1.7989999999999995 -3.0436742371175027
Car 0 126.58898967797347 -45.49918061791924 2.9549256179964454 4.396999999999995 2.1071069378804297 1.7989999999999995 -3.0436742371175023
Car 0 -11.469030757465053 -29.087116554369228 1.5802294253874356 4.457999999999999 1.9407390715075497 1.6049999999999998 -1.6392550597598041
Car 0 88.30171943432273 -26.7814465882305 2.200203759634168 4.508000000000003 2.1525842009392293 1.612 1.6510834994796464
Car 0 110.45353207930752 -46.68662045589325 2.8060608711784956 4.803000000000001 2.076161474881351 1.612 -3.0611233347118105
Car 0 98.73294239683341 -40.4888393943839 2.6452149552281 5.661999999999997 2.217955190606059 1.9560000000000002 -3.021172180076436
Car 0 62.39090059420992 88.79606949418677 -1.3547495809075594 4.262999999999999 2.0094134039499085 1.554 2.4352843825345896
Car 0 -5.18609426621108 119.54196622657756 -2.6917109699521937 4.375000000000002 2.1112878513459075 1.701 -0.741221520318853
Car 0 60.36602633621191 86.78083200295714 -1.1790934018542834 4.262999999999999 2.00941340394992 1.554 2.4352843825345887
Pickup_Truck 0 -31.66479557184292 56.49680425712316 -0.7265976367344547 5.922000000000002 2.1999681532823288 1.922 2.4003711332709443
Car 0 -57.767832079744394 -3.019389276287027 -0.06445312016190202 4.692000000000006 1.9755674859634937 1.606 -3.1407268698480273
Car 0 31.399365448789382 90.8474131529183 -1.4893880744569346 4.219000000000001 1.9113367613644021 1.4649999999999999 -2.277341318482189
Pickup_Truck 0 66.04352377570352 -46.035020413756996 2.6697162383031765 6.140000000000011 2.12572317404031 1.8800000000000001 -2.956430229513601
Pickup_Truck 0 66.01969214471498 -40.73071413069506 2.288294019713315 5.51999999999999 2.063449257349113 1.7889999999999997 0.2200594389113632
Car 0 -0.11937513866273222 125.69268762541954 -3.1017762773886957 4.375000000000007 2.1112878513459123 1.7009999999999998 -0.7412215203188529
Car 0 83.2947644840066 84.94168715089047 -1.6175807596896408 4.696999999999999 2.0572207697604417 1.7689999999999997 -0.7063082710552033
Car 0 109.82162918299326 -41.82874092040112 2.6848414491520605 4.938999999999998 2.0761614748813537 1.612 -3.0611233347118105
Car 0 130.7136592880631 -36.991953559971364 2.9319388365178467 4.396999999999997 2.1071069378804315 1.7990000000000002 -2.991327558032551
Car 0 -9.503489479346605 114.39427210543033 -2.617996597536393 4.375000000000003 2.1112878513459075 1.701 -0.7412215203188505
Car 0 -41.44190064167769 78.44813068017223 -1.8045237576530444 4.438000000000008 2.0817342167146013 1.5150000000000003 -0.74122152031885
Car 0 78.6980262055023 32.04949074796832 0.37081957063643906 4.793999999999997 2.0709439357026906 1.638 0.026714910226020155
Car 0 3.6208122690618283 31.292335694039522 -0.12741006142039107 5.144000000000001 2.122245420043694 1.892 0.009265329420237993
Car 0 0.21613629652282845 -26.990192400288834 1.6284892682225613 4.808000000000001 2.0607705335345985 1.4770000000000003 -1.5694286356779439
Car 0 53.485905080214216 31.68692333440375 0.027355985341493083 4.784999999999996 2.039291511311012 1.516 0.026714910226019142
Car 0 7.367405989028882 -26.993151004502593 1.6829230050545056 4.808000000000003 2.2709001515378118 1.605 -1.5868854507348678
Car 0 -28.22742171226671 31.125218356778287 -0.3505805481282737 5.301999999999998 2.2700530743037204 2.015 0.009265329420239993
Pickup_Truck 0 60.69385700609894 -44.087664675031725 2.3240168297961947 5.547000000000008 2.1085487152300693 1.8880000000000001 -2.92153321467843
Car 0 -37.51415109390713 82.07923702034645 -2.1320466367539024 4.438000000000008 2.0817342167146 1.5149999999999997 -0.74122152031885
Car 0 114.98929628959759 -38.1265636844351 2.726857979407117 4.396999999999986 2.1071069378804324 1.799 -3.0262252453190728
Car 0 67.49085050465833 -26.317247350532803 1.8568621512475088 4.366000000000001 2.2215121112460716 1.868 -1.5428809319806243
Car 0 110.90194513772455 -54.70084661704557 2.953365884477004 4.803000000000008 2.076161474881354 1.6120000000000003 -3.0611233347118105
Car 0 73.46547661910334 100.88174510372933 -1.3186534625004294 4.262999999999991 2.009413403949917 1.5540000000000003 2.4352843825345873
Car 0 90.83440773675089 -25.76243131809227 2.2018895735865773 4.508000000000002 2.3204247566875873 1.612 -1.4555940724090266
Car 0 82.35063640571005 -26.372705921752683 1.9222328004940563 4.559000000000001 2.0930073289464914 1.4639999999999997 -1.4730516662090498
Car 0 -151.40312137199496 -3.3127226702401202 -1.1232338701480034 4.6920000000000055 2.1582654612337695 1.606 -3.123277226878154
Car 0 58.92980127194942 31.75041368357328 0.2587932968824155 4.958000000000002 2.1580233965549325 1.835 0.02671491022602111
Car 0 81.84865664695204 -41.296146112449726 2.284491266903899 5.1400000000000095 2.283745375343838 1.808 -3.0262252453190754
Pickup_Truck 0 42.57463164725053 -26.787871626356253 1.5076922201802145 4.8439999999999985 2.067344429550992 1.604 -1.5254237919019953
Car 0 76.05424800470826 -26.447472668116724 1.8888406252380083 4.558999999999996 2.2903667284074207 1.5499999999999998 -1.542880931980624
Car 0 -9.864255697876322 31.004237385000337 -0.33177809068966524 4.614000000000001 2.027756791302261 1.7329999999999999 0.009265329420237474
Temporary_Construction_Barriers 0 -3.0034291238715136 -25.530476028697265 1.1903664334963406 1.8633516804187924 0.554999999999999 0.8690000000000001 -0.22142313421798224
Car 0 45.78534760013703 -43.27510915319457 1.9300792506322997 4.434000000000005 1.9066378780815325 1.552 0.5515747289470824
Car 0 -52.02496350291514 30.38774280072604 -0.9469852149163337 4.593000000000006 1.8449468863812803 1.4620000000000002 0.04416436525818745
Car 0 110.29655528764461 -49.54383860006474 2.8316882685582145 4.803000000000008 2.0761614748813506 1.6120000000000003 -3.0611233347118105
Car 0 94.60358011080403 -49.84435815333087 2.4791430981614733 5.1399999999999935 2.283745375343833 1.8079999999999998 0.13281629951200902
Pickup_Truck 0 3.787593373107372 -27.701744541036778 1.8111526228156858 5.972999999999996 2.3176262567745556 1.8999999999999997 -1.4646851272824244
Medium-sized_Truck 0 81.52458089757145 -36.13295421247401 2.499503621638868 6.265000000000002 2.415557148936146 2.087 -3.0386211422099367
Pickup_Truck 0 96.9060594006367 -62.61417105423066 3.3434015062230507 5.791000000000002 2.21795519060606 1.9560000000000004 0.12042047351335966
Pickup_Truck 0 91.97662131446104 -37.22980389462205 2.5725097753393316 6.075999999999998 2.415557148936139 2.0870000000000006 -3.021172180076436
Car 0 84.62849756686887 32.05729815509321 0.4281735278224544 4.735000000000009 2.070943935702689 1.638 0.02671491022602002
Pedestrian 0 -97.03984074130886 -13.515279447554287 -0.012663172285157787 1.446644360442984 0.8430000000000087 2.05 -0.08509157043106604
Medium-sized_Truck 0 61.87399265135953 -57.113717870474375 3.355193346345864 5.547000000000007 2.1085487152300724 1.8879999999999997 -3.0087763540777837
Car 0 110.12933520306308 -38.83477115310626 2.6015885949240656 4.939000000000007 2.0761614748813453 1.6119999999999997 -3.0262252453190768
Car 0 -33.689085705936286 30.893291409225892 -0.6284227897912142 3.894000000000002 1.9409764443997826 1.705 0.009265329420241485
Car 0 5.662624047592444 23.59851607752952 0.0931763607808031 4.788 1.8463454249497977 1.4179999999999997 0.016923093728919175
Car 0 9.868411263844546 27.13125441766541 0.269708827325453 4.97 2.1858176921950947 2.026 0.01692309372892018
Medium-sized_Truck 0 66.4204035316158 -51.1368667988081 2.8959707695825965 5.763999999999993 2.235702678248324 1.924 -3.026225245319075
Car 0 115.30346089565288 -43.801405032578 2.8573389117678367 4.397 2.107106937880432 1.799 -3.026225245319075
Car 0 70.61159618840449 -26.239966952198394 1.7613628454230617 4.558999999999999 2.1812488003827717 1.62 1.598711721609169
Car 0 60.31506679401033 -41.831062363615715 1.9445712034703408 5.098999999999998 2.108548715230069 1.888 0.22005943891136395
Pedestrian_with_Object 0 -17.270512205717633 -10.329025122597809 0.9286706460859132 1.2592235681452981 0.8800000000000034 1.943 0.054507182765894224
Car 0 111.02360974167554 -57.27546159225281 3.012361253651661 4.803000000000008 2.076161474881353 1.6120000000000003 -3.0611233347118088
Car 0 125.39191986512765 -40.227705297825864 2.8249378769603446 4.397000000000002 2.107106937880433 1.7989999999999997 -3.043674237117501
Car 0 142.83097651203138 -40.77257923260862 2.884306734762438 4.397000000000002 2.10710693788043 1.799 -3.0611233347118123
Car 0 -86.76849051960261 -3.1256602520364853 -0.6634869542593027 4.69199999999999 2.158265461233773 1.606 -3.088378320245684
Pedestrian 0 -46.25525929612178 -10.674677599405488 0.4672061614442052 1.24915456575005 0.7709999999999944 1.898 0.037057800086698456
Car 0 114.90555663655556 -41.11082138217695 2.793059671053918 4.397 2.1071069378804346 1.799 -3.026225245319075
Car 0 13.324002602304649 -27.64756858442771 1.5903518551392841 4.807999999999998 2.331068654505019 1.9800000000000002 -1.4472274845805528
Temporary_Construction_Barriers 0 -2.2872296465876873 -26.209578449811325 1.294588361972965 1.7868527957525153 0.5169999999999999 0.7920000000000001 -0.4134025043586973
Pedestrian 0 -76.63479879714474 -10.560160022873745 0.16893375163980406 1.4466443604429826 0.8430000000000002 2.05 -0.10254205738714448
Car 0 54.8139761879787 -26.746959700726677 1.7155297232654725 4.868999999999999 2.377564522918321 1.9450000000000003 1.5987117216091704
Car 0 99.71968706763408 -45.53832601929156 2.7681774679102777 5.486000000000013 2.217955190606057 1.956 -3.021172180076438
Other_Vehicle_-_Pedicab 0 57.5366557980969 -12.841401828173666 1.9358317743802853 2.947999999999998 1.7517169886691915 2.4769999999999994 -0.04791717704534256
Pickup_Truck 0 135.21818884137897 -27.01532017302105 2.7486009907469167 6.037000000000001 2.5526116405733097 2.051000000000001 1.6685409873807446
Car 0 65.40893323332068 -38.139204966761554 1.9000778358658392 4.982000000000008 1.9679669583601633 1.705 0.22005943891136412
Car 0 37.2450090577569 -32.57404345123351 1.9260266157966863 4.608999999999998 1.9153158825363084 1.604 0.028121340900096655
Car 0 143.04600874856675 -43.33369895064961 2.9439047809738104 4.397000000000004 2.1071069378804306 1.799 -3.061123334711808
Pedestrian_with_Object 0 -17.331726297261273 -9.437316236432311 0.9080527574944146 1.2592235681452975 0.8800000000000017 1.943 0.054507182765894446
Car 0 40.681110633500076 27.15192380887634 0.2900639617424333 4.688999999999997 1.9291530944405566 1.529 0.01692309372892115
Car 0 142.26949171915473 -38.147983491020085 2.7198925607883924 4.397 2.107106937880438 1.7989999999999995 -3.026225245319075
Car 0 67.78219876402935 -63.89749900139266 3.460811043764562 5.763999999999999 2.235702678248326 1.9240000000000002 -3.0262252453190763
Car 0 143.30869269198368 -45.99016298012175 3.0061061152968946 4.397000000000002 2.1071069378804337 1.799 -3.0611233347118105
Pedestrian 0 -45.85936101461489 -9.590731823631744 0.4967206643561989 1.2491545657500505 0.7709999999999971 1.8979999999999997 0.0545071827658936
Pedestrian_with_Object 0 -36.36849725908875 -11.660459859462907 0.7523004595961491 1.2212274697044554 0.8170000000000066 1.7720000000000002 0.0196082943868945
Car 0 68.81991690143904 -66.5755875725678 3.354963643078599 5.763999999999999 2.2357026782483307 1.924 -3.026225245319076
Pedestrian_with_Object 0 -36.38773759711455 -12.401069053241493 0.7077265716875695 1.0472694880965137 0.8170000000000005 1.65 0.08940559825911538
Car 0 119.4639019181111 4.279689984013567 1.2988410759850206 4.459000000000009 2.0538431066650182 1.893 -3.1232772268781535
Pedestrian 0 -28.192484916066903 -12.246964920023881 0.8387815597905088 1.2471464724098553 0.7830000000000021 1.8889999999999998 0.0021586610529790266
Car 0 85.11977603845094 -26.59719892517716 2.1471940989368887 4.756000000000003 2.317406369362113 1.6490000000000005 -1.4730516662090496
Car 0 -102.12029622915622 -2.951641714696655 -0.9433547887447362 4.691999999999996 2.1582654612337726 1.6059999999999999 -3.1058277118781024
Car 0 79.18340889283786 -26.664875431992957 1.8980696262112893 4.559000000000001 2.0930073289464888 1.4639999999999997 -1.542880931980624
Car 0 103.5020330155046 -73.61736194014192 3.78551167367661 5.646999999999992 2.217955190606055 1.9559999999999995 -3.0211721800764377
Pedestrian 0 -41.73269097521276 -11.070634864844504 0.5369745400715986 1.2212274697044538 0.7709999999999965 1.772 0.019608294386894796
Road_Barriers 0 32.20386525811156 -48.90626508928247 1.9047767465572252 2.868211713358251 0.7199999999999969 1.038 -2.961774830481546
Pedestrian 0 -58.10931572219152 -11.029520578128377 0.3541809076027278 1.0677789772855275 0.7710000000000028 1.811 0.10685464102518309
Car 0 100.57899517130357 -53.4073931121085 2.9532198190454104 5.661999999999997 2.2179551906060557 1.9560000000000002 -3.0211721800764373
Pedestrian 0 -76.69124066564612 -9.219517370069733 0.1382809709716073 1.4466443604429846 0.8430000000000086 2.05 -0.08509157043106604
Pedestrian 0 -58.19705585598349 -10.211117686164105 0.3069434717421838 1.0802351262060186 0.7710000000000028 1.865 0.10685464102518309
Pedestrian 0 -41.43540805737554 -12.298989697060103 0.5674421119272182 1.2212274697044554 0.7939999999999969 1.7719999999999998 0.12430358066263002
Pedestrian 0 -11.262847725621441 -17.39961058321022 1.3367818304056995 1.1379505639094434 0.7829999999999995 1.7360000000000002 0.002158661052979032
Road_Barriers 0 41.851693589115335 -43.76443277529745 1.8628965562459612 3.5801153563110537 0.6149999999999961 0.8680000000000001 -2.4790421212382214
Car 0 -8.371512878259058 -28.737974917988506 1.5144106913932496 4.458000000000001 1.940739071507549 1.605 -1.4472274845805528
Pedestrian 0 -96.91909831214727 -11.881819210837692 -0.04817261984390531 1.4466443604429833 0.8430000000000086 2.05 -0.08509157043106604
Road_Barriers 0 49.03034769693288 -53.686980704465284 2.064325932657315 2.849967685511138 0.5840000000000038 0.9489999999999998 -2.548836415789186
Bus 0 -86.7487017492926 30.255542542751783 -0.04548907579258765 12.170000000000014 3.4263190810198503 3.9509999999999996 -0.005957015239360593
Car 0 115.23643883640779 -6.144564872864632 1.4419025022556418 4.458999999999992 2.1409982057392583 1.893 3.125008661945386
Car 0 125.98214627239358 4.1771293070981095 1.204327344626189 4.458999999999995 1.9163469675104077 1.571 -3.123277226878154
Road_Barriers 0 33.295859363581386 -54.15439758685419 2.0972401497039 3.3536532882454053 0.6820000000000009 0.911 -2.9792234778451494
Pedestrian 0 -58.1989636053722 -11.712623751355546 0.4186658807995306 1.067778977285528 0.7709999999999967 1.811 0.21154692152324586
Pedestrian 0 2.8554149956210115 -10.90340352717232 1.0567789392436153 1.1507311837892125 0.7830000000000001 1.7929999999999997 0.0021586610529813004
Car 0 275.0336181820324 9.694333794567585 2.0021695681309795 4.4039999999999875 2.065981995255676 1.9040000000000001 -2.929659055572544
Pedestrian 0 -4.899500959889442 -18.704305102944218 1.2547565341599771 1.1274750651350027 0.7830000000000004 1.689 -3.0870854708239
Pedestrian 0 2.875352335694678 -10.124294703176384 0.9874612442267102 1.1274750651350036 0.7830000000000001 1.689 -0.015291104373249285
Pedestrian 0 -105.25001688168555 -11.112270015527463 -0.14626861221755405 1.4466443604429826 0.842999999999997 2.05 -3.034738012564606
Pedestrian 0 -28.19731253192801 -11.210117213390303 0.8424595176184658 1.2592235681452975 0.7829999999999999 1.943 0.05450718276589336
Pedestrian 0 -55.78407913451559 -12.120595642712116 0.45125312183978805 1.067778977285528 0.771 1.811 0.019608294386894796
Road_Barriers 0 38.18299092626748 -50.82618230684261 2.015894351441612 2.994389203063855 0.6809999999999918 1.1189999999999998 -2.9094293464647873
Road_Barriers 0 32.78181962224922 -26.183308286525055 1.5291587318210331 3.2983541356501838 0.9090000000000025 0.8839999999999999 -3.007801060498932
Car 0 -13.624356710795626 47.856419988313874 -0.8707204597979689 4.118 1.9640588826786218 1.5059999999999998 -0.11288561710959168
Car 0 65.15984243752668 -26.49055956532104 1.8661501635390643 4.704999999999998 2.2487558995494656 1.924 -1.5428809319806212
Pedestrian 0 -60.07360920277641 -14.280475923300461 0.40712867269895037 1.0512594686063592 0.7709999999999972 1.7389999999999999 -0.03274100618926206
Signs 0 162.7549767065223 4.730763328641756 1.951735019865337 0.932389559479436 0.25199999999999895 1.1240000000000003 -0.031174726056398126
Car 0 -77.33136889713852 23.158734873408346 -0.6110143679655768 4.491000000000004 2.3077625599055223 2.018 0.0627547849412851
Pedestrian 0 -4.762673852161153 -17.876074431877143 1.2374852257416382 1.1274750651350047 0.7830000000000006 1.6890000000000003 -3.0870854708239
Cones 0 30.15898003398632 -25.893105679253985 1.4361805571026423 0.45876471428031673 0.2860000000000031 0.7519999999999999 -1.4297576671298544
Bus 0 -86.98006481634128 26.654845886994547 -0.3970053974968122 8.959 3.187312299098237 3.3989999999999996 -0.005957015239360814
Car 0 -70.87715397424145 26.066333147304473 -1.011816072913543 4.344000000000007 1.91748057583824 1.4259999999999997 -0.007043263094980399
Cones 0 155.96048833534476 -6.112310239440056 1.2670567223425273 0.4521048114505215 0.29000000000001525 0.7340000000000001 -0.048855166608087454
Road_Barriers 0 31.637198275644433 -45.79371146170619 1.927414026502733 3.1043559822939804 0.6470000000000018 0.8430000000000001 -2.9443262633155616
Road_Barriers 0 -11.307814659583858 -24.92701509039187 1.1222652573596157 3.123961764711261 0.8049999999999985 0.884 -1.5461925719825906
Road_Barriers 0 38.85981559331962 -56.859553279128995 2.1459408079172504 4.425597708027841 0.691000000000003 1.143 -2.9792234778451356
Car 0 77.74233430597944 -49.48489119723035 2.4285425373272123 5.140000000000007 2.283745375343827 1.808 -3.0087763540777845
Pedestrian 0 -6.880572211004614 36.63810065122081 -0.18227375061669715 1.2215878123074724 0.84 1.9999999999999998 0.04567526891421342
Road_Barriers 0 46.979116486432105 -50.44899709177827 2.0397364015950394 3.3478393122228653 0.5670000000000015 0.913 -2.4790421212382134
Pedestrian 0 -72.8008394061032 -24.1235435066275 0.8818137278490945 1.0675488276865304 0.7710000000000028 1.8099999999999998 -3.0521870553306756
Cones 0 143.25404096640906 -21.025533489309822 2.160889234623588 0.6466155928621591 0.5349999999999987 0.8849999999999998 1.6192350774163373
Road_Barriers 0 37.510800755794435 -47.82683219625663 1.91601297756617 3.139944976605615 0.6669999999999972 0.9689999999999998 -2.9094293464648073
Pylons 0 122.37230822415671 21.775716149999237 0.9331661409692558 0.49627245363548234 0.4640000000000035 1.18 -1.2328205681924762
Road_Barriers 0 37.60863944049036 -38.17266479887765 1.716174404808728 2.9853277890849057 0.7699999999999968 0.9880000000000002 -2.531387955547106
Car 0 -120.43276396849788 -5.715903121857602 -0.4187319066176487 4.691999999999984 2.158265461233773 1.6059999999999999 3.1284989705719704
Pedestrian 0 -73.09277353927283 -23.28303694547514 0.6600476742017063 1.0675488276865257 0.7710000000000099 1.81 -3.0521870553306805
Road_Barriers 0 45.12997732936491 -47.98562307055512 1.9764844501329015 2.7815431514113307 0.5700000000000011 0.8950000000000002 -2.513939423557584
Car 0 263.53772879415476 6.686873250550343 2.006201672215065 4.4039999999999875 2.0833291087691332 2.0 -2.929659055572544
Cones 0 30.12708016876987 -26.341491653840883 1.4519417877947292 0.45876471428031607 0.2860000000000039 0.752 -1.4646730507708579
Car 0 100.20419481819107 -48.25386710809266 2.833857256910808 4.667000000000014 2.2179551906060544 1.9560000000000002 -3.021172180076437
Car 0 98.27017879685305 -42.85041821178223 2.6937570992756448 5.486000000000006 2.2179551906060633 1.956 0.12042047351335525
Pylons 0 121.34935108102934 21.745680468712358 0.9239172937809548 0.4962724536354822 0.4640000000000035 1.1799999999999997 -1.2328205681924762
Pedestrian 0 111.39823932411696 76.35506871156207 -0.03180470719343065 1.1032939443453946 1.0929999999999926 1.7990000000000002 0.6549175439036741
Car 0 143.50065073780422 -48.34533592503631 3.060855619287919 4.397000000000002 2.10710693788043 1.799 -3.0611233347118123
Road_Barriers 0 34.15639666765259 -33.132299671815794 1.6775321573568451 3.249162231836507 0.8219999999999977 1.0149999999999997 -2.6239391468708346
Temporary_Construction_Barriers 0 -6.0188500088591 -27.223426064262767 0.99707115818048 2.0832485987837774 0.4940000000000004 0.5689999999999997 0.7557230498167702
Car 0 70.07558972509833 -71.47781155320669 3.228153534757139 5.763999999999992 2.3070976740767906 2.321 -3.026225245319076
Car 0 76.09695509095243 49.29091378641286 -0.26565011948890427 4.299999999999992 1.921973092606761 1.554 2.435284382534589
Pedestrian 0 36.753432404022234 47.65558627230972 -0.46354025220471085 1.0033240181241752 0.8499999999999992 2.0 2.335734610870437
Cones 0 21.242548955493138 -24.55864631224001 1.3817377405925109 0.5991611960041427 0.45699999999999974 0.7399999999999999 -1.6984583759079412
Tram_/_Subway 0 -85.02982008062065 8.021238008439283 0.3954527395913707 14.375999999999998 3.579623170380935 3.601 -3.1395751893464654
Pylons 0 124.60971289567163 20.98546889072922 0.9155989812826137 0.49627245363548234 0.4640000000000035 1.1800000000000002 -1.2328205681924762
Pylons 0 123.28900198399919 21.670322691699102 0.94442534224696 0.4962724536354822 0.4640000000000035 1.1799999999999997 -1.2328205681924762
Bicycle 0 153.92852377273377 -25.950408543819183 2.518073381737299 2.028000000000002 1.0609252347227878 1.2630000000000001 -1.9696655045986862
Car 0 140.6203189770843 40.41218904253361 0.263557533743645 4.585000000000005 2.142070858747293 1.5869999999999997 1.4666745518849122
Car 0 92.63880139505619 77.08544602828292 -0.4272431485922983 4.927000000000005 2.064248153185533 1.739 -0.7237648255455554
Car 0 -22.65946345843259 81.81173242680424 -1.6458393302335563 4.8919999999999995 2.2128791526167033 1.7010000000000003 2.5051091208616327
Car 0 79.45139193088517 -54.70726917329272 2.5623943579733446 5.14 2.283745375343826 1.8079999999999998 -3.0087763540777845
Road_Barriers 0 39.407218410978686 -40.64415368312772 1.7731163221056772 3.1927564393688055 0.6509999999999994 0.9609999999999999 -2.5313879555471255
Road_Barriers 0 -8.17919026056175 -24.882447142983203 1.1526143579614376 3.253749364343163 0.8049999999999985 0.884 -1.5461925719825915
Road_Barriers 0 53.544083620665674 -61.37277548545205 2.3977379830700785 2.566995478507571 0.4550000000000024 0.776 -2.6360778494259396
Medium-sized_Truck 0 68.04775158070157 95.07268414684665 -1.1047207452831969 5.1520000000000055 2.4140991993963223 2.2270000000000003 -0.7063082710552024
Car 0 73.46720624743148 -26.428070493506965 1.6932581573972865 4.558999999999999 2.181248800382771 1.62 1.581254707041748
Car 0 95.07326139803952 125.6571837630672 -1.9634869174019713 4.696999999999999 2.057220769760437 1.7689999999999997 -0.7063082710552057
Car 0 72.92190850091255 81.15198164676455 -1.2789970241270772 4.696999999999996 2.057220769760446 1.7689999999999997 -0.706308271055199
Road_Barriers 0 50.700185670262336 -56.14325064223974 2.1956999621015765 3.1521732095522053 0.5690000000000044 0.891 -2.58373314465253
Road_Barriers 0 -11.279001009401213 -25.74535635971943 1.1479234037951378 3.2560371411817024 0.8049999999999985 0.9179999999999999 -1.5461925719825906
Car 0 140.43230569072722 78.02744445295131 -0.16982499150967034 4.735000000000005 2.039417619418104 1.763 -0.9170885065718204
Road_Barriers 0 35.86057998386477 -35.792818282474094 1.7718133701453525 3.0899463145572574 0.8679999999999974 0.8789999999999998 -2.5890426618672673
Pedestrian 0 -103.7049861960276 -14.439507072240758 -0.05656494000080786 1.4466443604429817 0.8430000000000133 2.05 -3.0766202539573757
Road_Barriers 0 33.224827856859534 -29.329945386375417 1.5591031121405294 3.0108053226347327 0.8549999999999993 0.9730000000000001 -2.99035226961405
Car 0 102.72629296436068 -66.0517305928101 3.0469260731390713 4.460000000000002 1.9826609458685893 1.5340000000000005 0.12042047351335099
Pylons 0 132.91624515309175 21.04103615051244 1.0099342137200549 0.503602246638014 0.4639999999999918 1.21 -1.1804450944266596
Car 0 9.531656802788563 118.883633540241 -2.730214801721098 4.375000000000003 2.111287851345902 1.7009999999999996 2.5051091208616327
Road_Barriers 0 52.096328030692106 -58.714808501389015 2.3240069629281943 2.5669954785075726 0.5580000000000036 0.776 -2.6360778494259463
Tram_/_Subway 0 -100.2068431595095 8.018534793202836 0.6994217437725931 15.622000000000007 3.5796231703809367 3.601 -3.139575189346465
Road_Barriers 0 51.191442313888125 -69.27120577735829 2.4672563658337046 2.752604738434507 0.5910000000000077 1.097 -2.682603295528765
Car 0 -18.373849721797082 85.75532646923469 -1.8008552289925408 4.972 2.1112878513458972 1.701 2.452740792768417
Car 0 81.52937920221872 -72.78573665262631 2.988519338294105 5.139999999999993 2.2837453753438397 1.8079999999999998 -3.0087763540777854
Pedestrian 0 -74.07975100059807 -24.893114737389055 0.7366439849590284 1.0675488276865275 0.7709999999999951 1.81 -3.0478256426094164
Car 0 83.55887339813209 -51.31243871165734 2.5260057199744916 5.1399999999999935 2.28374537534383 1.808 -3.008776354077784
Car 0 87.78364156821631 -71.94372526457363 3.0302815180237372 5.140000000000006 2.2837453753438397 1.8079999999999998 -3.008776354077786
Road_Barriers 0 -7.987229105542109 -25.646302063170744 1.1716295063649191 3.256037141181703 0.8049999999999985 0.9179999999999999 -1.5461925719825915
Road_Barriers 0 49.83771902839865 -66.47792951313545 2.417406811644394 3.0156057804449095 0.5380000000000025 1.045 -2.6826032955287666
Car 0 31.656156448959024 -2.843614803494234 0.8510838550803361 4.484999999999996 2.0791803699165268 1.7610000000000001 -3.123277226878154
Car 0 11.112972942127268 -2.8650335760128764 0.538249009164061 4.691999999999998 1.9630219008574388 1.529 -3.123277226878154
Car 0 47.227750127346994 -2.4338579456008014 0.8168839633092955 4.601000000000001 2.061716076218367 1.61 -3.123277226878154
Car 0 43.30907200466133 0.9875301976044303 0.8420820648130861 4.692000000000002 2.1295987409074955 1.6100000000000003 -3.123277226878154
Car 0 69.31691745678654 3.4017053576507097 1.2322195213406313 5.255999999999985 2.3986428378396525 2.1129999999999995 -3.1058277118781024
Bus 0 202.17966753147968 3.3084156476812074 3.6124919048389956 11.925000000000004 4.288772201731942 4.729 -3.048851373119976
Car 0 145.0077471928418 -4.907208820812732 1.7289247079678285 4.866000000000007 2.5603438963240253 1.9530000000000003 2.549073710682504
Car 0 125.54317346539479 -1.8074002679126806 1.3314557857272649 4.799999999999999 2.2687290158649223 2.055 -3.1407268698480277
Car 0 134.70421874012428 1.1622258069976825 1.4426648211941793 4.866000000000003 2.5603438963240226 1.953 -3.1407268698480273
Car 0 109.28041854578072 27.652458762074133 0.9772900648103686 4.6080000000000005 1.9798823416311344 1.632 0.016923093728919866
Car 0 68.43379620737153 24.12924318775533 0.6771741534529447 4.298000000000002 1.9630219008574354 1.529 0.016923093728919345
Car 0 85.9506323906685 27.315238332688356 0.6915290829755306 4.483999999999995 1.970310758662003 1.574 -0.0005265596455368764
Car 0 109.38352444683571 24.574815846326807 1.038398626550314 4.180999999999998 1.9712918033588724 1.58 0.016923093728920112
Pedestrian 0 81.55064818476022 -11.971105561544102 1.832144448408434 1.118172970539488 0.8799999999999936 1.9450000000000003 0.05374217556927667
Medium-sized_Truck 0 53.06568334728907 24.252620328676148 1.0244725854474306 8.646999999999998 2.8712929452673377 2.242 -0.003935508555362725
Car 0 133.22043073374897 28.175127999791368 1.0207332216441731 4.608000000000015 2.0085810271585416 1.6860000000000002 0.03437261877297301
Car 0 157.87446108699044 24.70868836806008 1.196692367502061 4.73500000000001 2.0394176194181117 1.7629999999999997 -0.0005265596455367438
Car 0 67.86107737087966 27.862254565089607 0.42074055382106357 4.528000000000001 2.0016686831460087 1.7599999999999998 -0.0005265596455374977
Pedestrian 0 38.26961525513692 -11.571190461787534 1.428318424171928 1.060476409685636 0.8109999999999948 1.7939999999999998 0.0031532936949208445
Pedestrian 0 120.4020323959482 -13.12894940876154 2.0339673908941314 0.8703564631425617 0.6049999999999993 1.642 -3.130898342434549
Pedestrian 0 67.60987634710666 -12.000103145549497 1.5935303025423488 0.9287418138596537 0.7150000000000014 1.829 -0.022089423946015964
Pedestrian 0 88.74686304873552 -17.616279055060467 2.1167456775012217 0.9701752173398668 0.8150000000000023 1.786 0.00016798565597941225
Pedestrian 0 50.945160087378625 -11.349087743719947 1.3902449628428404 0.8766034361797133 0.7960000000000063 1.6719999999999997 -3.050264892338563
Pedestrian 0 67.67911961080648 -11.23369616743017 1.5869946830462527 0.9171118673262679 0.7149999999999933 1.7800000000000002 -0.008129101219528022
Pedestrian 0 38.73399329501851 -12.47126774642993 1.453035174494511 1.2687027810115383 0.8109999999999984 1.7939999999999998 0.003153293694918654
Pedestrian 0 88.87594390870487 -18.417278407905105 2.2490187599180294 0.9701752173398698 0.8150000000000053 1.7860000000000003 -0.017281795115605077
Bicycle 0 90.74283161312243 -4.472180722321357 1.270775518887897 1.6399999999999952 1.0223500023737186 2.0 -3.1247674213116476
Pedestrian 0 38.1544995241757 -13.010877580105852 1.4665332097078148 1.0803273105205358 0.8110000000000014 1.88 -0.03174635801416345
Pedestrian 0 88.36772067415393 -19.265260696048607 2.1350925431919645 0.9572998083359899 0.815000000000007 1.7310000000000003 -0.1673570221987129
Car 0 88.91534676087994 24.587016755529163 0.8635777068722921 4.484 1.9530284181131679 1.466 0.016923093728920965
Pedestrian_with_Object 0 54.68237975778504 -14.741997883609919 2.0188433384048077 0.8287055947819608 0.6410000000000011 1.4930000000000003 -0.1597090663073114
Pedestrian 0 52.31742287032441 -16.702903318468817 1.6328138110454096 1.0764231617442501 0.7490000000000038 2.0 0.008552367532193524
Car 0 136.35965153210813 24.503755649733833 1.0846147243053859 4.918000000000005 2.004716685901911 1.6629999999999998 -0.0005265596455368525
Pedestrian 0 88.8757700070831 -16.816703862006428 2.0500260646262998 0.9701752173398681 0.8149999999999941 1.786 0.03506715386689473
Pedestrian 0 39.35462307244957 -10.52085741932872 1.4662728216727186 0.9822304422176971 0.8219999999999952 1.9979999999999998 0.020602919632378456
Pedestrian 0 67.55671662656896 -10.504674209239173 1.401386240552067 0.8263448018905062 0.6660000000000063 1.621 -0.004639605885426255
Pedestrian 0 81.56066750873522 -13.032063315733906 1.8560663415528404 1.118172970539488 0.8799999999999905 1.9449999999999998 0.0013936373627403576
Pedestrian 0 71.11350749630921 -11.029330964007986 1.4266646623323163 1.1032939443453844 1.0930000000000069 1.799 -0.008126068702053419
Pedestrian 0 122.49189258963371 -16.74846539713017 2.2745611996104707 0.9701752173398664 0.8150000000000005 1.786 -0.03473171275677281
Pedestrian 0 39.338686080972124 -10.009046573014011 1.4546250795193838 0.9822304422176962 0.8219999999999987 1.9979999999999998 0.020602919632378276
Car 0 194.0844146480533 25.771987870443688 1.2279857198794493 5.0610000000000035 2.1089734108013793 1.7770000000000001 0.03437261877297312
Tram_/_Subway 0 242.8103529648513 23.47288691777881 2.8266073001961782 11.939000000000007 3.4223507381086176 3.372 0.17776930902432073
Car 0 178.1007190133285 25.591881107564628 1.0129591855972533 4.656999999999998 1.8636892007945978 1.4789999999999999 0.016923093728919012
Pedestrian 0 121.28714135694636 -13.166533417594252 2.1114178230479075 0.9515849579482745 0.6050000000000011 1.778 1.4416261671599757
Pedestrian 0 70.75041808970224 -9.805244286717926 1.5086883740916008 1.1032939443453829 1.0929999999999975 1.799 0.13146823235835528
Pedestrian 0 54.11204237056301 -15.985370461357144 1.6881260911331224 1.189098121694701 0.665999999999997 2.069 -2.4709363482978257
Pedestrian 0 53.91065130596237 -14.723711830543175 1.8158881292807347 0.8084285047196476 0.5079999999999951 1.024 0.16367683799878538
