Car 0 -23.213993722595124 10.213215180488243 0.0967063822012551 4.3969999999999985 2.0426277637258465 1.6769999999999998 0.05790013574127311
Car 0 -31.13101167989101 9.677770422359464 0.09049551697876967 4.279000000000003 1.9964684690348797 1.6189999999999998 0.04044171801960104
Car 0 -37.04041457786317 9.530255521931714 0.1408814633329184 4.492999999999999 1.9680826598169783 1.6230000000000002 0.04044171801960174
Car 0 95.82448815874444 32.75524237537189 1.5721911605409737 5.141999999999996 2.2093617226719333 1.944 2.140094751271988
Car 0 -45.390014312046524 8.925877432465477 0.1544241328725413 4.154000000000005 1.9090390061985212 1.6710000000000003 0.040441718019601315
Car 0 -64.39872615954081 8.175261728854426 -0.07899172867654064 4.1540000000000035 1.9592558897478423 1.529 -0.029388340237592375
Car 0 100.47616765332558 27.007836516713006 1.3894870950500002 4.883000000000006 1.8741422002380395 1.598 2.192420683916211
Car 0 -58.29644788243014 8.594344643509256 -0.041066284084029125 4.055999999999997 1.9420092313566182 1.462 0.040441718019601766
Car 0 -52.09685605456029 8.866632074517728 0.04479827626664029 4.3390000000000075 2.0367511777948466 1.5299999999999998 0.04044171801960129
Car 0 99.92912448979651 33.21672534655805 1.5605697530301748 4.401000000000002 1.9517299347002397 1.5579999999999996 2.1400947512719903
Pylons 0 54.07677246517483 5.268110448856344 0.5237910350115682 0.44478671237140327 0.3730000000000043 1.0049999999999997 0.030277590659384256
Car 0 104.32777958209411 26.722681271378306 1.673356847270944 4.629999999999999 2.093690052162195 1.8239999999999998 2.140094751271988
Pylons 0 23.56887968642531 3.399916224182333 0.37691510363722874 0.44576237834325605 0.2819999999999976 0.999 0.012819738398145325
Pylons 0 91.03433268800362 3.530185301319563 0.5980106923960662 0.4455609800399146 0.2870000000000096 1.0479999999999998 0.04773580203384006
Pylons 0 38.925867984209084 1.3452364524209468 0.4386440048644357 0.45065125170825887 0.3219999999999986 0.9889999999999999 0.012819738398138507
Pylons 0 51.01026499716562 5.085258854584694 0.5089167916331857 0.4806829211784068 0.2970000000000016 1.0119999999999998 0.030277590659381366
Pylons 0 93.90574776539044 7.783227650915083 0.5427908961037038 0.3974637229097467 0.28300000000000414 1.002 0.030277590659374475
Temporary_Construction_Barriers 0 82.95708223141318 -25.11639182126726 0.28331525043054934 1.8982692908832723 0.4099999999999904 0.9380000000000002 -0.9812338073948036
Pylons 0 26.69893955471386 1.9318534643712526 0.3871108961681953 0.41106440821282264 0.23499999999999913 0.989 0.012819738398134014
Temporary_Construction_Barriers 0 86.01863755534507 -23.070205297015193 0.3069310602529473 1.947912676170888 0.4299999999999974 0.9380000000000001 -0.963791834827119
Pylons 0 60.193223466347064 5.634020669624623 0.5630575677899426 0.4343467717379227 0.28099999999999664 1.0349999999999997 0.030277590659399174
Pylons 0 42.09906332586953 1.3866147732236644 0.4187905862172589 0.573999999999995 0.49323128070268907 0.9400000000000001 -0.0046377492036139495
Pylons 0 87.99608468706602 3.372368904993024 0.6075012060383848 0.4740123284895151 0.22300000000000664 1.0620000000000003 0.030277590659402134
Pylons 0 35.77236557828542 4.16998080813567 0.44534480268685417 0.4353238373434562 0.34200000000000186 1.0389999999999997 0.047735802033855086
Pylons 0 72.39210857600088 6.420572628339441 0.5486319756593127 0.40583294650721796 0.28999999999999526 0.9840000000000001 0.04773580203386438
Pylons 0 194.82981095657084 11.209473173593867 2.188324426890769 0.6416233086560177 0.3050000000000093 1.5349999999999993 -0.12152248505042747
Cones 0 38.09830021156634 -6.268145679811106 0.4422620558322168 0.7465612134010535 0.5290000000000032 1.2549999999999997 3.067128695800565
Pylons 0 41.83732928744064 4.543848343021965 0.4442165348990473 0.44899999999999796 0.4282822957731425 0.9869999999999999 0.06519436653704386
Pylons 0 44.894818990166264 4.683782293889131 0.45294620393124374 0.4354797021544509 0.33999999999999914 0.9799999999999999 0.06519436653704118
Pylons 0 29.66547188034024 3.7588533598138225 0.41444847225938847 0.46617454415448006 0.2810000000000007 1.033 0.012819738398132465
Pylons 0 29.740547192695644 1.786776619399558 0.3945731762419639 0.4425270818952368 0.25600000000000184 0.9889999999999999 0.012819738398138863
Pylons 0 81.86494461687572 3.1460268127551503 0.6296754475870127 0.4500010416646552 0.23099999999999488 1.0529999999999997 0.030277590659375145
Temporary_Construction_Barriers 0 93.93911162071245 -17.92140100739186 0.380081364413556 1.9261912426121492 0.5019999999999927 1.011 -0.9289078590987888
Pylons 0 75.41077272311702 6.613704273785322 0.5602910683759377 0.4140306608504723 0.3649999999999805 0.9879999999999997 0.030277590659399025
Temporary_Construction_Barriers 0 98.55365742053282 -14.769027314784442 0.40134550128631846 2.0730510226352035 0.5369999999999946 0.9859999999999997 -0.9812338073947977
Cones 0 6.143332836296004 12.244929279603905 0.1216289438667208 0.5403105884738646 0.5000000000000002 1.245 1.2407165822411919
Pylons 0 78.87444338745259 3.029321703229607 0.5953925913851905 0.4422406733948487 0.4070000000000009 0.9269999999999999 0.03027759065939524
Pylons 0 51.15454187739205 1.7052426289503433 0.49447739134640106 0.4334705651813785 0.3280000000000078 1.0049999999999997 0.0302775906593777
Pylons 0 171.47785093110218 12.089280528119783 1.9829784071209593 0.5510665566102436 0.2579999999999989 1.256 0.053044041500766914
Cones 0 59.302573552052074 16.005945994578052 0.32529974193351324 0.5434221960463297 0.43599999999999883 0.776 1.6196061320239765
Temporary_Construction_Barriers 0 72.004260770305 -31.967228874315694 0.2414498271484565 2.002825848405184 0.5080000000000064 0.9500000000000002 -0.9812338073947671
Temporary_Construction_Barriers 0 81.43471148862781 -26.083076894184224 0.2944189124680511 1.941812198696485 0.40000000000001024 0.9180000000000005 -1.016117790811436
Pylons 0 75.67758745663141 2.8470153523946884 0.6426953610595175 0.45264302305149623 0.18400000000000136 1.014 0.030277590659386885
Pylons 0 60.36426350698373 2.1340061004253275 0.53896773815916 0.4373679294988221 0.29200000000000004 1.021 0.030277590659392232
Pylons 0 87.77903598438283 7.381108942268364 0.5625214971771272 0.4268226581761658 0.23300000000000431 0.9809999999999999 0.06519436653704666
Temporary_Construction_Barriers 0 84.46569772267476 -24.119931587050743 0.3394517016075749 1.8827080474817095 0.42599999999999427 0.9380000000000001 -0.9812338073947997
Pylons 0 81.6634302498528 6.972714098398008 0.575450197171281 0.4282213677976525 0.26799999999999946 0.9999999999999997 0.030277590659383957
Cones 0 40.61906749565958 -6.502295565504731 0.4724469937126951 0.7522333507447324 0.5330000000000079 1.298 3.067128695800566
Temporary_Construction_Barriers 0 89.21749257723074 -21.125484383834607 0.3535799487164524 2.0462460741780495 0.46100000000001073 0.9179999999999998 -0.9986757881334415
Pylons 0 182.66215308930978 12.378018793937278 2.163401376182504 0.636493548333388 0.3050000000000206 1.5139999999999993 -0.05170040785940259
Pylons 0 32.7099742674572 3.9510579573385582 0.40784487251810353 0.4347492618099506 0.2689999999999997 0.987 0.012819738398136226
Pylons 0 47.95064777335029 4.917850686601101 0.4735480338806088 0.437421604389734 0.27899999999999675 0.9980000000000002 0.06519436653705826
Pylons 0 38.79956041923947 4.360213376468161 0.4591999406066316 0.4363014654798544 0.3030000000000017 1.01 0.06519436653704247
Cones 0 78.84787448432334 -12.311272403180572 0.52667173749386 0.5082553778397276 0.37499999999999906 0.7660000000000001 -1.5434454363613206
Temporary_Construction_Barriers 0 90.84075770114691 -20.090888876916157 0.36487041113068297 1.9884525581550205 0.44399999999999695 0.9610000000000002 -0.928907859098785
Rolling_Containers 0 54.49187375095886 -18.24579537759776 0.3449567340853863 0.9769999999999974 0.9571319343359808 1.118 -0.7151860109810083
Pylons 0 66.49623015483387 2.455221562494561 0.557773497418416 0.4418762902032382 0.22600000000000042 1.013 0.030277590659386133
Pylons 0 63.43650362985428 2.2338180416891085 0.5152991132403686 0.4790252170011682 0.26799999999999596 0.9879999999999999 0.03027759065938973
Temporary_Construction_Barriers 0 75.2719808611294 -30.116029038415117 0.25322164026942984 1.900627990493922 0.5010000000000072 0.9670000000000002 -1.033559829170415
Temporary_Construction_Barriers 0 76.79786985807664 -29.121838572163643 0.2948159404806369 1.9547312998115178 0.48999999999999844 0.9379999999999998 -0.9812338073947745
Pylons 0 23.571041768886502 2.069872460459724 0.37493723053050565 0.44389593289024437 0.26300000000000096 1.0080000000000002 0.012819738398135355
Pylons 0 57.06080145261098 5.496921362925129 0.548154280768692 0.4519285442825544 0.4160000000000007 1.0010000000000001 0.047735802033858035
Cones 0 44.954515394451555 -7.001829092474723 0.4421357368408221 0.706789716468374 0.47100000000000436 1.2799999999999998 3.119497786545227
Pylons 0 48.07369577008791 1.5864353514311809 0.45546336928475845 0.43905004458976976 0.30800000000000155 0.9780000000000001 0.030277590659387656
Pylons 0 84.92289078527436 3.263552421108807 0.5929336109823093 0.4385690225041107 0.22299999999999237 1.0160000000000002 0.03027759065938813
Pylons 0 32.77982487754812 1.6224816865619887 0.41258232396422234 0.44285385896525653 0.2189999999999984 0.9869999999999998 0.012819738398153056
Pylons 0 45.05628899698862 1.4691344731592404 0.42837334139255356 0.443993239831466 0.2570000000000066 0.985 0.03027759065937483
Pylons 0 57.29433268040186 1.9978070952081135 0.5279427220539847 0.4620634668069487 0.26499999999999857 0.9889999999999999 0.03027759065938648
Pylons 0 84.74863243901225 7.183712761118551 0.5744420623005432 0.4434649975496556 0.2519999999999979 0.9660000000000001 0.06519436653704755
Cones 0 48.16153506842485 -7.134848203490236 0.4017287219439376 0.8354508104464082 0.500000000000001 1.258 3.1020410431152965
Pylons 0 69.5775538171037 2.543197895587755 0.560151133099061 0.40683975314818976 0.24399999999999197 0.975 0.030277590659385855
Pylons 0 186.88343161108475 12.20998263830179 1.9673287059785554 0.6443115859673196 0.30499999999999633 1.5460000000000005 -0.10406754826277288
Pylons 0 78.48775235990338 6.778068270506205 0.5710980746203999 0.4325654443248814 0.26099999999999735 0.9880000000000003 0.03027759065938287
Road_Barriers 0 -28.495414831705283 -6.883010681296098 -0.03994408834870783 6.502567151470883 0.6400000000000002 1.1780000000000002 -1.505674369703113
Pylons 0 54.24956535234393 1.8694917620664513 0.5188271709629977 0.45599335740265795 0.25900000000000023 1.0010000000000001 0.030277590659382295
Pylons 0 26.59604532988721 3.591799253113685 0.4058126857506226 0.442600946492378 0.3299999999999999 1.006 0.012819738398138613
Pylons 0 63.2581804139361 5.865641089094994 0.5258434480229585 0.45425793826916216 0.31699999999999373 1.024 0.03027759065939311
Temporary_Construction_Barriers 0 96.90863745821983 -15.810972706669776 0.3792519746168595 1.8844159012241462 0.5239999999999998 1.0259999999999998 -0.9986757881334766
Cones 0 55.96228312592825 -29.65875786346133 0.08645999083169584 0.5090939117399862 0.3669999999999981 0.762 -2.703461750479901
Road_Barriers 0 -9.747584557666602 -6.002200000391899 0.04226637475520367 6.190074814564925 0.673999999999998 1.094 -1.5405707811055316
Pylons 0 90.87299014543663 7.602850638249986 0.5489837883187421 0.44001115397786317 0.21600000000000422 1.0019999999999996 0.06519436653704279
Pylons 0 35.81402866567032 1.5475659421039771 0.4562744671617375 0.4452047456560393 0.2799999999999953 1.0299999999999998 -0.004637749203609749
Pylons 0 69.3949327784785 6.265808615749014 0.5373919065759469 0.42715545614045625 0.24699999999999472 1.0220000000000005 0.047735802033855385
Road_Barriers 0 -3.680953012199045 -5.682032341700196 0.04709978615371929 6.198598502883562 0.609999999999999 1.129 -1.5231223989319058
Pylons 0 156.92402325646813 10.772444842770335 1.7314534683049263 0.6021270557592053 0.2579999999999869 1.2719999999999996 0.08796172741855976
Temporary_Construction_Barriers 0 92.36185643503278 -19.059290507582908 0.34604367057935814 2.0601024157452077 0.5059999999999991 1.001 -0.9463498566522575
Pylons 0 66.12191425642789 6.002172515710691 0.5227371779814985 0.5230000000000019 0.4499259696460921 0.9860000000000002 0.030277590659380876
Temporary_Construction_Barriers 0 87.5799556399825 -22.147447242776504 0.3661375795030543 1.9476719951780543 0.420000000000006 0.9269999999999995 -1.0161177908114352
Pylons 0 162.4187172344408 11.667955618738501 1.9521241246140852 0.5498517710064668 0.25800000000001305 1.2509999999999994 0.05304404150076107
Pylons 0 180.17132236211864 12.659316270625482 2.1971062436253694 0.6050590716440176 0.3050000000000064 1.3849999999999991 -0.051700407859413225
Pylons 0 176.16567114074843 12.429002253155701 2.0692792273410525 0.5707813625330292 0.2580000000000211 1.3369999999999997 0.01812776004760731
Road_Barriers 0 -22.166268761904156 -6.548491603738458 -0.10105884819442518 6.124670141308824 0.7429999999999981 1.1669999999999998 -1.5405707811055296
Pylons 0 72.63431338562077 2.695287975507007 0.5791128806349867 0.444624609562415 0.3189999999999877 1.0109999999999995 0.04773580203386405
Rolling_Containers 0 54.93484343660525 -19.832786614434532 0.35786687744745654 0.7868091630862851 0.7610000000000006 1.088 0.4717144552357186
Rolling_Containers 0 69.10930373439396 -38.248055221863716 0.46885508692889566 1.1606694776660662 1.040000000000001 1.388 2.108315385832734
Cones 0 -11.050395719876699 12.171013222674832 0.052024682651539145 0.6138066756818575 0.3229999999999984 1.266 1.5178971238783239
Rolling_Containers 0 54.93951198572948 -19.21625191228668 0.328521252619665 0.946 0.8706754054712663 1.118 0.3320047775268511
Temporary_Construction_Barriers 0 95.38379902262544 -16.818855430280465 0.38243957263756156 1.8521895777170945 0.47700000000000814 0.9839999999999997 -0.9637918348270942
Road_Barriers 0 -40.1408150118255 -8.614204924686966 -0.20638968458478307 6.0418853611464876 0.7039999999999975 0.9820000000000002 -1.3137672166979177
Road_Barriers 0 20.56947829147142 -5.569759478713676 0.1702679240640506 6.228476704823898 0.6499999999999994 1.129 -1.6278181804063734
Pedestrian_with_Object 0 -39.19735375775364 13.854121508784448 0.6720220304066858 1.379937299114658 0.7730000000000037 1.9239999999999997 -0.02079781601210747
Pickup_Truck 0 97.27889508599873 58.63945062027027 2.0599841747274037 5.4879999999999844 2.318887621748626 2.2809999999999997 -0.8096343931304788
Car 0 163.82581656962023 20.858613011859543 2.0308524118244344 4.360000000000001 2.008104191554222 1.6439999999999995 0.11522552543049766
Cones 0 110.3350366355458 -12.592346907902893 0.5338679460180926 0.5830099457781541 0.4149999999999958 0.9190000000000003 -1.168752285338625
Other_Vehicle_-_Construction_Vehicle 0 53.67913376519266 -29.35187526041996 2.02609425133629 4.186000000000001 2.9428102548127733 4.901 0.5700288934088393
Temporary_Construction_Barriers 0 73.62812695278177 -30.986185268859817 0.261675197416139 1.8964394269603277 0.5230000000000009 0.9560000000000003 -1.1033286123851647
Car 0 -84.56637824297633 2.71428293615877 -0.20455074757844627 4.319000000000004 2.0935204560043643 1.6379999999999997 -0.03212468500199677
Road_Barriers 0 32.889597155409604 -6.055556759149288 0.26064591228947 6.181487955370698 0.7019999999999991 1.125 -1.6103679524764407
Rolling_Containers 0 55.04552669935554 -21.080728014964834 0.39881167185918 0.8994586255843784 0.8969999999999974 1.212 -1.2907921088686878
Temporary_Construction_Barriers 0 -8.603247973699958 15.532819453752161 0.17919296907431076 2.171348896870244 0.2730000000000002 1.038 0.5601334552001336
Temporary_Construction_Barriers 0 79.91961324686947 -27.10313885619208 0.254620527004587 1.891460454571715 0.5070000000000099 0.9380000000000001 -0.9986757881334383
Road_Barriers 0 -15.920605148656048 -6.2505221133801925 -0.0423203347288538 6.391489622023634 0.656999999999999 1.05 -1.523122398931904
Temporary_Construction_Barriers 0 -8.495181751156819 13.914250627168165 0.06342317527751762 1.8686265338314485 0.2569999999999978 1.092 -0.5570904185079831
Road_Barriers 0 8.452013179813756 -5.3209026032056705 0.13513214071283364 6.126678288242413 0.7259999999999996 1.209 -1.59291810301429
Other_Vehicle_-_Construction_Vehicle 0 92.8329615415142 -35.61416813425301 1.7163614237390055 8.107999999999997 3.6803003041817304 3.9329999999999994 1.014791499810772
Rolling_Containers 0 54.13294251422575 -17.19082192992434 0.318719508597554 0.8219999999999994 0.7920155035033161 1.128 1.5542069470064448
Pylons 0 191.37715516064014 11.895553475275104 2.0155361909748692 0.6252685211388255 0.3049999999999803 1.468 -0.12152248505041563
Temporary_Construction_Barriers 0 78.36571369433577 -28.068400977136264 0.3108452413739813 1.9246881282348403 0.42900000000000305 0.8949999999999998 -0.9812338073947766
Cones 0 111.1845329694217 -12.512634180657209 0.46069103814072265 0.5958957104852678 0.43499999999999983 0.9190000000000007 -1.0466553432508057
Temporary_Construction_Barriers 0 143.44302399820322 21.648547375375987 1.645816449967164 2.361218702627219 0.4189999999999927 1.4480000000000002 0.08339616203109364
Temporary_Construction_Barriers 0 -6.261590008447012 12.575409279172886 0.08961042020233517 2.015489727462684 0.21600000000000213 1.116 1.6599933794705974
Medium-sized_Truck 0 177.17211400542885 21.395443568736844 2.8259798909944744 4.65999999999997 2.3285912174238765 2.1470000000000002 0.11522552543050024
Temporary_Construction_Barriers 0 -58.392694688577436 -13.848546808223926 -0.47348950042125704 2.0199433501595276 0.4019999999999944 1.4579999999999997 -3.1408430613055223
Car 0 -12.364169549064524 6.989243483315813 0.3958483205886513 4.207000000000002 1.8909643887812084 1.674 0.03770514315570861
Temporary_Construction_Barriers 0 -58.56315885272948 -11.88189500835036 -0.4085305380373099 2.1653584821918685 0.4590000000000012 1.49 -2.9662514909835043
Cones 0 7.150404948521832 12.29947424005525 0.11666829205778134 0.6330000000000007 0.5461716750994048 1.2789999999999997 1.240716582241192
Medium-sized_Truck 0 61.80241162392231 -39.63969580695846 0.7695711786898228 5.665000000000001 2.481410997914427 2.42 -2.55186105966427
Temporary_Construction_Barriers 0 -10.023009001306821 17.353642207356273 0.23804978215689526 2.543795123366788 0.28899999999999876 1.116 0.7347785758465323
Pylons 0 167.0672312539891 11.95111953981882 1.9420442505447941 0.5812474806103067 0.2579999999999987 1.2430000000000003 0.0530440415007394
Rolling_Containers 0 55.288103606402544 -20.52730378015875 0.29820819032491663 0.7556350403058417 0.6670000000000027 1.0410000000000001 -0.8896126404338092
Bus 0 118.65862033038033 35.147028789624926 2.820336070740575 10.14899999999999 3.5220858995202518 3.847 -0.8031134847642236
Road_Barriers 0 26.76542795029859 -5.835743466270085 0.21905668960441907 6.163885794825188 0.6869999999999998 1.11 -1.5929181030142947
Pylons 0 54.92518082005405 -26.132249342074186 0.36050826346675074 0.7030089153242929 0.444999999999995 1.271 -2.773316737972737
Car 0 189.856720975556 -11.159069162531601 1.8435131775218212 4.6530000000000005 2.2064646024525145 1.9700000000000002 -2.2405177695342666
Other_Vehicle_-_Construction_Vehicle 0 121.81165301232988 -54.74345994607013 12.867025862130957 21.384999999999998 10.679250074612945 26.275 2.2321544640096276
Car 0 -15.301954445373715 -3.280537674112963 0.35370711108619435 4.310999999999998 1.8931507643118348 1.6 -3.1213455161835344
Pylons 0 200.00106740052576 11.031645442618299 2.324504781387842 0.6138171631105129 0.2749999999999998 1.4209999999999992 -0.12152248505040814
Other_Vehicle_-_Construction_Vehicle 0 84.78620056419942 -35.916571288809266 10.150506674212156 10.207000000000013 8.587045139018782 21.709000000000003 0.17981724258677542
Car 0 91.01803034635847 -4.639705972876191 0.9886790958751039 4.72899999999999 2.305242723008642 1.998 -3.110683081977404
Car 0 149.65928667791 19.88474243056573 1.7407870430364376 4.080999999999964 1.868732804262614 1.610000000000001 0.1152255254305012
Car 0 -60.22587225801754 -1.6901394490133317 0.04354771912405686 4.319000000000002 2.0598871369047758 1.5689999999999995 -3.121345516183534
Pickup_Truck 0 102.61211944565326 52.57191188376237 2.0311291827214264 5.8839999999999915 2.2255995437891714 2.0880000000000005 -0.8270768884939638
Car 0 -48.266216433722235 -5.280719032318227 0.19813044892762732 4.318999999999997 2.115300629077043 1.6679999999999997 -3.103887510434085
Car 0 -6.084310364999273 4.002620649636459 0.5028561598172908 4.208999999999998 2.055563741146298 1.8239999999999998 0.03770514315570848
Car 0 110.82827018810109 44.07756588440403 1.7004298924908077 4.348000000000001 1.9394045084533635 1.597 -0.827076888493964
Car 0 151.447484860735 17.073163033713904 1.7938111332183135 3.9129999999999865 1.900635509718252 1.4569999999999999 0.11522552543049766
Pedestrian 0 -62.55358066464239 -15.119574413668774 -0.14679435141666836 1.1492319543302958 0.5729999999999997 2.028 0.394539356042356
Other_Vehicle_-_Construction_Vehicle 0 140.85106869653947 -75.16129264641012 4.982717507886995 10.440999999999997 5.766036732508541 10.567 2.2025640722326605
Bus 0 -68.5718277882822 -9.80790784512115 0.6768474538449125 19.256999999999994 3.481430621030163 3.934 -3.140576835735433
Other_Vehicle_-_Construction_Vehicle 0 121.31803539673774 -88.52875071837951 3.785581424152875 9.614999999999997 4.560439901076183 5.838 -1.1697735643544869
Road_Barriers 0 30.03043613451836 11.688593286568842 0.18336453253307125 6.087655242947447 0.6489999999999991 1.0979999999999999 1.6158748302744879
Other_Vehicle_-_Construction_Vehicle 0 14.451699701669138 -7.220875002718528 1.006400480867692 6.902999999999997 2.927549968332844 3.2289999999999996 3.0659172648798787
Car 0 -156.9846113146768 -0.5340405287871057 -1.1787408932607 19.65999999999999 3.4974861569456084 3.758 3.0920114422020526
Road_Barriers 0 -34.45182550480418 -7.467035148552409 -0.12091516367509042 5.689270825959175 0.692999999999999 1.096 -1.4707793439781474
Car 0 103.37129055949433 -8.062562648074248 0.9522471372863073 4.412000000000009 2.0563204551314915 1.5159999999999996 -2.9535469514491983
Car 0 -35.63846776819319 -2.0647843828129684 0.19985391651601492 4.057999999999998 1.970255548550429 1.5329999999999997 -3.138803159579147
Other_Vehicle_-_Construction_Vehicle 0 3.0598309137969935 15.449321868478744 4.3538697250970255 13.655999999999995 4.660688299948167 9.476000000000003 0.12475420709849168
Car 0 98.20297962016551 -4.128777318656386 0.9365941353120165 4.353000000000001 2.0004529447681927 1.609 -3.075766280543962
Car 0 -154.0809489774432 -8.173096156969626 -2.1033419644606086 4.318999999999979 1.9655994164153765 1.545 2.87907346720934
Other_Vehicle_-_Construction_Vehicle 0 -16.059866803715213 77.03673157989805 2.875729600233708 6.222000000000004 4.401495403105762 6.136 -1.0492899734743824
Medium-sized_Truck 0 194.7246305239903 -17.621989583829937 2.7924232134194535 8.572000000000003 2.930347207635199 3.2980000000000005 0.9208031418201142
Road_Barriers 0 2.4158216361273057 -5.375305435199264 0.1616270420950834 6.145047966478938 0.6479999999999996 1.134 -1.5056743697031147
Car 0 167.37832443041327 14.023390550115819 2.0995240761256504 3.788000000000028 1.9053511452697125 1.4569999999999996 0.11522552543049762
Temporary_Construction_Barriers 0 -8.201301134434667 12.75304599332719 0.10557743320308649 2.075174582736316 0.3889999999999997 1.145 1.276060900278735
Car 0 152.45997476389158 13.711512762073632 1.8626053712537738 4.410000000000009 1.8982595816103331 1.442 0.1152255254304963
Car 0 159.47759822372717 13.416800375368014 2.0613302692596527 4.236999999999999 1.9112609206687257 1.5229999999999997 0.09776598598616391
Car 0 5.542375182367154 4.690392786767112 0.5184340302523005 4.357 1.919384214756454 1.5780000000000003 0.05516350552542626
Road_Barriers 0 14.455097786066117 -5.433764541233032 0.1252633454162787 6.084489814481207 0.6889999999999998 1.201 -1.5754686278141539
Road_Barriers 0 47.04461955191094 12.441638423735604 0.23042471434945572 3.0172463457175986 0.7660000000000019 1.029 1.6492745157066284
Temporary_Construction_Barriers 0 -58.488718653183795 -15.737747807558176 -0.4697502042635079 1.9209304003095962 0.4520000000000061 1.4359999999999997 -3.140843061305525
Pedestrian_with_Object 0 13.802849821818048 12.011294148580202 0.5718379775952611 1.1519999999999992 1.0301653352879088 1.9239999999999997 0.10644770069099559
Road_Barriers 0 17.59847405212949 -15.753148437965532 0.06885730134843038 6.363015250472273 0.7179999999999995 1.036 -1.575468627814154
Road_Barriers 0 40.87701931054534 12.165569195035651 0.22248470981505009 3.172013517507453 0.6649999999999985 1.014 1.631826752341135
Car 0 -168.15812440471046 12.079179497509799 -1.4986264901067698 12.346000000000023 3.7223007672431736 3.9339999999999997 -0.04958121138774101
Road_Barriers 0 43.94823776048338 12.379290089627082 0.2311225321818717 3.1815210412093613 0.5829999999999989 1.022 1.6143786409072856
Other_Vehicle_-_Construction_Vehicle 0 -4.136543607236025 15.478076468065467 1.0604172924620299 5.359999999999996 2.3297589490626294 2.882 -2.384786556784859
Motorcycle 0 -71.11461852056095 -5.037778763239949 0.09887268447473263 2.4479999999999915 1.2671796383265594 1.648 -3.102336349304714
Bus 0 125.30058854314795 28.195257693843594 2.863450945709785 9.178 3.5250555795599645 3.8989999999999996 -0.8031134847642233
Road_Barriers 0 11.45022161581024 -15.751150983414595 -0.011901533894373095 6.2942295713201695 0.6839999999999998 1.216 -1.5580195222148592
Construction_Signs 0 87.94719608776606 4.964827615543829 1.919274875559676 3.314403575113986 3.159000000000007 3.651 -3.068639703523785
Road_Barriers 0 50.02581619321822 13.379006544745792 0.24810497373778176 3.2616273921201597 0.6500000000000009 1.036 2.155149800100112
Pedestrian_with_Object 0 13.728316255744033 12.529343749398837 0.49610582709139367 1.1740000000000004 1.0687897916450888 1.771 0.1064477006909915
Road_Barriers 0 22.031562112878916 -13.738926611813444 0.11260293762642484 6.437749596712194 0.6870000000000003 1.1079999999999999 -1.4358856475635569
Construction_Signs 0 91.50531032030264 24.7195701048152 0.8579755347530823 1.179623290940414 0.30800000000000366 1.3710000000000002 -1.5804041729578386
Car 0 251.42840921366817 25.472406249828886 3.528474192602986 3.779999999999999 1.9735849626566568 1.5419999999999998 0.010473430736160796
Car 0 282.2132031546966 27.684961557575082 3.9677713796923477 4.743999999999993 2.0740792093153844 1.662999999999999 0.044589907167125374
Car 0 158.6820039085482 17.097677461306567 2.019490528971331 3.891 1.8599176902688404 1.5470000000000002 0.09776598598616432
Pedestrian 0 -61.805122942038466 -12.432509453871335 -0.07387014896414978 1.166214027940575 0.5060000000000002 1.8159999999999998 0.4643951968104189
Road_Barriers 0 36.189735191682146 12.025815246905793 0.22732444481556843 6.242019787750018 0.6450000000000006 1.12 1.633322911607678
Construction_Signs 0 170.41330552123458 10.135693905858053 3.0493101470826773 3.4828479871507936 2.7640000000000096 3.7760000000000002 -3.0686397035237882
Car 0 200.25457627615563 24.145640315056685 4.643161878855341 5.20099999999997 2.3655148990970076 1.9570000000000005 0.10745935909288863
Construction_Signs 0 93.30916256070441 6.124540450363414 0.8495348679691445 1.9053686245266759 0.49300000000000865 1.6820000000000002 2.864520395654854
Bicycle 0 141.07029999726115 18.4045086706083 1.9155120141180504 1.9090000000000242 1.3490593075045814 1.9699999999999989 0.31653116524431946
Car 0 257.903980431449 25.25556388693554 3.4124664639639177 3.392999999999967 1.6476148374227721 1.1800000000000006 0.021940985287355642
Car 0 267.2034975434322 -0.01183924210917009 2.794772690098972 4.703000000000022 2.248597809161819 1.7709999999999997 -3.1339254929122498
Car 0 114.18838114851175 8.358639205092015 1.500980120219826 4.850999999999998 2.0011689551616527 1.5730000000000002 -0.10874289149278553
Car 0 18.972879344989135 -3.3868500670427926 0.45237482672746476 4.3260000000000005 1.8976310315134046 1.426 3.1095997667162942
Car 0 49.38456050823413 10.037831785400767 0.7194216125182342 4.219999999999995 2.0063642738767813 1.7059999999999997 0.07262221834662745
Car 0 46.95839677534082 -4.236628828552752 0.5559905203641844 4.725 2.0868418842904153 1.5419999999999998 3.1026729705778298
Car 0 23.24901534825054 5.440589386002561 0.624056463572484 4.284999999999997 1.956780684370297 1.537 0.03770514315570861
Car 0 64.47035627518625 -4.845630596504051 0.7942788381757855 3.769000000000002 2.0135799251888167 1.6989999999999998 3.120129727637361
Towed_Object 0 167.52054666521485 -16.607586650867248 3.311785412959571 14.324000000000003 3.5124913630962835 4.461999999999999 -0.7307855863999007
Car 0 141.35598708793194 4.06508111270535 1.9655039922462172 5.120000000000011 2.239411212659375 1.9020000000000001 -0.48608243449922905
Semi-truck 0 162.08149637477567 -12.00466012443553 3.034519601246912 8.555000000000001 3.1188181582117824 3.9579999999999997 -0.7340047356141152
Car 0 163.84560733702477 -17.886951942558674 1.8335843493227657 4.44800000000001 1.9356532947832257 1.415 -0.7303111298844631
Car 0 126.02833063493257 21.112532565130753 1.8764442593370796 4.750999999999999 2.164050284426665 1.843 -0.8175253928353716
Car 0 148.54412587711312 -4.609768039421004 1.9277689247147318 4.459999999999992 2.06252872819732 1.684 -0.608203172209807
Car 0 133.35894003421808 10.366734456145943 1.9579171753610471 4.809000000000006 2.1509906413938453 1.7709999999999997 -0.8524101728409693
Car 0 40.899307649549 -0.6893152439577837 0.8251880282634576 4.8659999999999926 2.1650389740029055 1.956 3.1201297276373614
Pedestrian_with_Object 0 146.13173470994954 14.505897031215927 1.9647251667041856 1.3630000000000082 1.3045586226648962 1.9489999999999996 -1.1038579883225936
Pedestrian 0 151.13923915138437 14.947447367901631 2.12164415594061 1.072277193362252 0.5160000000000112 1.6999999999999997 -3.0224701141784105
