Car 0 -15.657842969288845 -45.34197334131474 0.2690279996487805 4.615000000000001 2.2441825607298593 1.8470000000000002 0.45537700642512524
Car 0 14.741411192409657 -9.301599540779197 0.26817352456097926 4.828999999999999 2.1705267507963013 1.624 -1.1196184579866046
Medium-sized_Truck 0 -14.416105926434021 -32.577786353689405 0.4413696990080769 6.072000000000002 2.4368368546898798 2.5 -2.668759514994556
Car 0 27.30955557686875 -9.772299373371233 0.4467271551241436 4.654999999999999 2.2137983986527026 1.822 -1.119618457986605
Car 0 5.013767477681862 -35.99851805872208 -0.13135545515794234 4.414999999999999 2.2009687037321735 1.8570000000000002 0.517419093558545
Car 0 2.6836511830241654 -9.260458548108902 0.5310346566936555 5.164999999999999 2.220180308235799 1.915 -1.0672672866957014
Car 0 40.24329116812048 -10.511919672951102 0.3091354837279997 4.723000000000002 2.117018942100394 1.584 -1.1545196765292318
Car 0 20.934465499728866 -9.334677169708755 0.1591174974034204 4.376 1.9726468019199284 1.4399999999999997 -1.1196184579866053
Car 0 17.980819075851926 -9.390543127254697 0.385764353782311 4.877000000000001 2.2477623872767944 1.8459999999999999 -1.1196184579866049
Car 0 5.007163797761221 -26.564235866380685 -0.07774662490170459 4.727000000000002 1.9995560851705405 1.563 0.46505031142162817
Car 0 8.605555665116071 -9.373323721999212 0.25298833410958976 4.682 2.0612074323323784 1.517 -1.0847175942008298
Car 0 15.91018744058552 -33.47776727592005 -0.23273337700292318 5.004000000000002 2.026046218458386 1.534 2.588890581031319
Car 0 -14.891548002825008 -20.045394196747452 -0.04263304542311458 4.349999999999998 2.060680978782934 1.7399999999999995 0.4204650092214248
Car 0 16.294699422338695 -26.520970098145632 0.06008151878988688 4.722000000000001 2.1103349671180798 1.94 2.553991044896782
Car 0 -14.503323448430995 -26.424378276027184 0.05592562573925208 4.702000000000002 2.2565804107649576 1.797 0.4379209621829704
Car 0 5.298821708826689 -42.25927872703996 -0.28319069266989444 4.754000000000001 1.9752272864732598 1.5579999999999998 0.36031515698454114
Car 0 -1.063392164446598 -29.386548826435163 -0.1920395171199809 4.825999999999999 2.0687073648168717 1.6759999999999997 0.4475942180330716
Car 0 5.056172207740625 -23.1849759583529 0.14621017840502903 4.682999999999997 2.0673523249184806 1.87 0.43013821408074293
Car 0 -15.745892415581977 -48.339068204465946 0.19684298541379314 4.474 1.9837296532070554 1.6099999999999999 0.4379209621829697
Car 0 4.287889655358104 -60.56158311346645 0.0925585985649246 4.887999999999993 2.228559544864341 1.871 2.0263176268757506
Car 0 -15.670501347667761 -39.33028441961319 0.09073028752766876 3.8959999999999972 1.8801690618429472 1.5839999999999999 0.45537700642512596
Car 0 24.265626981421498 -9.674109825128305 0.2852232281305346 4.0820000000000025 2.014111466536579 1.548 -1.1196184579866044
Car 0 4.387695331507409 -32.954075837699754 -0.20582847470964505 4.040000000000001 1.9834007377580785 1.625 0.48250649083382696
Car 0 15.300339453411846 -39.08165567015456 -0.34090129047081913 4.530000000000004 2.008894953632822 1.527 2.5190916751000585
Pickup_Truck 0 71.26380038551156 -28.462478272843295 0.19568132738330135 6.425000000000005 2.23599583042572 2.048 -2.61771382185393
Car 0 -0.10566097920915568 -41.75878140589961 -0.17939133692925913 4.532000000000002 2.1024352331721317 1.7769999999999995 -2.6765423421681653
Car 0 -0.07745115504066347 -32.07550795315583 -0.08405275498110454 4.660000000000002 2.128867060601309 1.7279999999999998 -2.641629900837619
Car 0 48.194748394879745 -62.701502787698544 -0.8526976711983177 4.765999999999998 2.1767714323799803 1.5599999999999998 2.0437680798582094
Car 0 130.3117617535461 -51.08739405574476 -0.3949319942739872 4.8480000000000025 1.8285286968446006 1.5159999999999998 0.9637654363452876
Car 0 49.33876169627487 -24.71232366000774 0.1435290953824676 5.130999999999992 2.155920758819148 1.597 2.7483365201173737
Car 0 -0.39362563702907755 -35.44553316507512 -0.20435141651855748 4.532000000000001 2.1156612040597453 1.557 0.4475942180330728
Car 0 123.88903346595504 -39.30641636000011 -0.12428115620965136 5.132000000000008 2.5935708422992905 1.856 -1.035775784403637
Car 0 -15.235713849991892 -42.282486216682905 0.327539031545103 4.706000000000001 2.35040082677645 2.1079999999999997 0.45537700642512585
Car 0 37.183311389003826 -47.973979837690734 -0.24993335355877444 4.994000000000003 2.1933385264918552 1.878 0.40022233194426027
Car 0 22.025369268847005 -33.464620624879885 -0.050328955820258425 5.195999999999998 2.2950071746513565 1.831 -0.5178023357534989
Car 0 129.61388257612816 -56.64564191911606 -0.53555682513559 4.577000000000001 1.9459873495147242 1.614 -2.2301980802836647
Car 0 7.731247119407859 -61.19764349835713 -0.12548396963114006 4.583999999999998 2.0134565800936435 1.5850000000000002 1.9041618158493228
Car 0 20.007688305086234 -42.510774112407084 -0.4102950772494922 4.861000000000004 1.922505179387588 1.517 -0.5527020725584745
Car 0 0.023773547420742003 -22.25122843931524 -0.16192825526021726 4.668 2.092179238522796 1.6119999999999999 -2.693998435556722
Car 0 -14.717267939943692 -29.4998280615834 -0.015287933879728155 3.7120000000000024 2.0061232490537932 1.721 0.47283313859523873
Car 0 -14.103581297419739 -35.525224339795756 0.06670228073318929 3.801 1.981275176875152 1.7920000000000003 0.4728331385952371
Car 0 14.304179815473987 48.581102039283735 0.7430561589060896 4.149000000000006 1.929140018796994 1.685 2.6074092267413325
Car 0 12.588467311074455 33.91214124065177 0.6143950130780088 5.0329999999999995 2.249840529604189 1.995 -0.5516332712685487
Car 0 -0.24408758524692076 -25.807573496151075 0.028991231239499204 4.576 2.0965250469621637 1.8079999999999998 -2.6416299008376205
Car 0 21.250922075987678 -39.82217146816751 -0.3287437910662016 5.087999999999997 2.2494065614543812 1.6009999999999998 -0.5178023357534985
Car 0 13.898649507395776 -60.898226369881264 -0.12321068648573885 4.178999999999999 2.1001581055449003 1.802 2.026317626875751
Car 0 -15.542242243748445 -51.369692908769096 0.44511402516605797 5.234999999999998 2.2726094153882097 2.019 0.42046500922142444
Car 0 45.52493114629308 40.103865822874575 0.24659924198478056 4.429999999999994 1.8610764407913698 1.5649999999999997 3.0592882867149824
Car 0 11.920630223656072 63.43974400769386 2.01501967958808 4.330999999999996 1.7173431560038077 1.3360000000000003 -3.117907840313603
Car 0 61.98758661629841 36.990143995717204 0.43530869852390636 4.611999999999997 2.0448824820877687 1.6680000000000001 -1.5804721726973263
Car 0 -14.493033806461158 -23.15502363971284 0.0800582857263743 4.8370000000000015 2.2187787843448588 1.9819999999999998 0.43792096218297016
Car 0 13.77362566289614 42.39915039139885 0.5315375677712163 4.189000000000001 1.9497741106813873 1.6749999999999998 -0.5341834268484595
Car 0 0.4622731896020225 -44.32183065196556 -0.2364469425918238 3.5120000000000022 1.8718510002712767 1.326 -2.676542342168163
Car 0 85.45634563863759 -48.806660433398555 -0.4566272315932558 5.045999999999999 2.2169034995903094 1.8349999999999995 1.0250781958875097
Car 0 10.687767062155016 -60.79982434211225 -0.2363476113851508 4.3759999999999994 2.1252053169511824 1.588 1.8518077493698444
Pickup_Truck 0 -15.059466513037226 -54.884357370588695 0.5447700067155056 5.645000000000005 2.471019480273064 2.0839999999999996 0.45537700642512563
Car 0 89.07217358546518 31.349792526484727 1.0694088587259032 4.670000000000011 2.2942433019868655 1.9609999999999999 -1.6328336818186218
Car 0 46.83114056882643 58.882992495503345 1.8208442539978005 5.0049999999999955 2.019721941993096 1.989 -0.012493711151241543
Car 0 -0.04192625955016566 -38.01002371946071 -0.19431426811766306 4.531999999999998 2.0521904757325253 1.5739999999999998 -2.72891035072163
Car 0 52.121856036858276 37.76836194312785 0.5059341912863734 3.7599999999999962 2.1123902038016533 1.819 -1.7201054230441277
Pickup_Truck 0 14.78551523208955 51.83740441884112 1.2938428958564088 5.681000000000001 2.210917041577529 2.223 -0.516733527786229
Pickup_Truck 0 45.99770787353996 45.8230314803318 0.46897583413324817 5.169000000000004 2.1384057386820836 2.014 3.0592882867149847
Car 0 44.28721363009491 28.017727533291918 0.2909342753128643 4.862000000000005 1.9632894997420123 1.5769999999999997 -0.09403838597178389
Car 0 35.83801065081483 38.11331407769946 0.31781064601371306 4.036999999999996 1.8629372009086236 1.576 1.4887015101048018
Car 0 88.62958010624082 -66.67197907653802 -1.1258908513340444 3.9860000000000015 2.1462831802557902 1.6139999999999999 2.1062539949976515
Car 0 35.2919272217457 32.636538414894275 0.4078507915098949 4.234999999999999 1.9037366827866338 1.5739999999999998 1.4363384064497207
Car 0 47.145327329270614 61.791475175383596 2.0972247533065342 4.437000000000002 1.9119656110517866 1.6610000000000005 -3.020988224306728
Car 0 64.57184833996448 36.921089552688564 0.6658815232288706 4.6930000000000085 2.3491635793511714 1.9149999999999998 -1.5804721726973257
Car 0 101.34786623253326 -38.16930366764807 -0.22299022268367813 5.407000000000002 2.394304766852392 1.8159999999999998 -1.0706761980165167
Car 0 103.61634789455755 29.387569684043388 0.9496541789055681 4.66000000000001 2.161251109056388 1.843 -1.6328336818186229
Car 0 106.21469125181954 29.809489310148145 0.8374863275391302 4.178000000000002 2.155580995475721 1.804 -1.6328336818186284
Pickup_Truck 0 12.101184962293786 27.757084394985817 0.6829160987922258 5.922 2.3442593915636967 2.131 -0.5503637968399471
Car 0 58.18978889007478 24.139130898277212 0.23040921068524667 4.597999999999997 2.253988853700907 1.8269999999999997 1.4738506539170055
Car 0 38.43490161448071 65.3613736643919 2.4551208908982436 5.36700000000001 2.258103493738298 2.13 -2.9860801225659954
Car 0 63.904437537116266 23.894955922412283 0.27635942317978346 4.654 2.28860313072218 1.9 1.5087589717711698
Car 0 135.02158502969164 35.3400821901271 1.308296550793151 4.00000000000001 1.952913141538628 1.677 -1.6192326675410305
Car 0 37.25399412307808 -41.42718579934911 -0.1694922531281241 4.806000000000003 2.012830113507889 1.891 0.417678175001011
Car 0 46.71323436258048 56.34688834119517 1.3369807969879726 5.033000000000001 1.9614112198392446 1.7739999999999996 3.1116460839689015
Car 0 111.28639025643474 29.263165166149527 0.7680951446024084 4.543999999999996 2.0798136091859782 1.521 -1.6502877768335646
Car 0 46.504753026612406 53.36239483533596 0.9792447965110824 4.817 2.1499942070720053 1.96 3.129098942438554
Car 0 83.69585313772794 31.685164991097825 0.8192454057164931 4.443999999999997 2.155259634217206 1.537 -1.6153797156043248
Car 0 -33.78362505476602 32.598876870912456 0.6078140456372798 4.6259999999999994 1.9845329460281866 1.763 1.5501648046869414
Car 0 26.33844041254892 -61.92978517739324 -0.45742268913312345 4.910999999999994 2.051729081275435 1.5229999999999997 1.956514903264854
Pickup_Truck 0 0.6844514441175469 -59.76049928101084 0.2303365037228572 5.045000000000001 2.3804933692375307 1.9229999999999998 2.0088670860216498
Car 0 54.910058966228135 37.20494788261033 0.3820672422464557 4.362000000000003 1.957121073353853 1.568 -1.6153797156043237
Car 0 -48.55135425110604 5.987876103913296 0.8663591332652798 4.392000000000006 2.2110101241162714 1.9049999999999998 -3.097319086921412
Car 0 100.88295995498572 30.518887194798346 0.8130523426719669 4.234999999999997 2.0809723941787066 1.5650000000000002 -1.632833681818622
Car 0 46.03724761609332 48.917661501052784 0.43433996239119266 4.734000000000002 1.9188675957278194 1.6359999999999995 3.041835944194497
Car 0 90.53379351272281 25.60356185411635 0.5220321619472869 4.311000000000002 2.015545803990606 1.7809999999999997 -1.1515041965818598
Pickup_Truck 0 122.94078587527328 31.051465166073218 1.202259710027137 5.818999999999997 2.4770950795417077 2.3409999999999997 1.4913048767562245
Car 0 47.40925135798042 80.42396012691415 2.8112469084647396 4.974999999999996 2.0495283339993806 1.7999999999999998 0.19822328690803842
Car 0 32.59274794008008 -62.25087677265749 -0.4129306840342464 4.571999999999993 2.2902808267257746 1.8479999999999999 2.008867086021648
Car 0 47.73186399132436 26.24944954256967 0.22312692756100738 3.9750000000000054 2.866250857766228 1.6430000000000002 1.4738506539170053
Car 0 86.37593630177258 32.065584329546674 1.045626413617971 5.095999999999995 2.3072337537062273 1.9770000000000003 -1.6153797156043241
Car 0 55.79331637278077 24.693736359162028 0.10281902057936498 4.648999999999996 2.0250974851779464 1.593 1.4738506539170046
Car 0 54.03547803462706 82.15780789090651 2.753204157020798 4.681000000000004 2.026914980248923 1.6669999999999998 0.23313251001052035
Car 0 71.9604216147387 36.47153920421101 0.8113168953908225 4.404000000000007 2.210369024106662 1.8070000000000002 -1.61537971560432
Car 0 -40.44823054623622 78.4806499615893 2.2094952557121963 4.787999999999995 2.0455452185285936 1.6719999999999997 0.3107007727528215
Car 0 66.67212803840692 23.65375366398188 0.29091138502296676 4.704999999999996 2.3074200659229125 1.8779999999999997 -1.6851963492041355
Pickup_Truck 0 67.76659835786278 36.6209866272048 0.7983185167577299 5.88600000000001 2.3535432554657265 2.219 1.491304876756227
Car 0 19.60599840196509 63.62495975807744 2.0225754485725043 4.735999999999999 2.0424585430875446 1.7589999999999992 -3.1004545791900524
Car 0 129.2022815495309 -68.1450284095333 -0.6488570409924678 4.477000000000009 2.289737218410224 1.6479999999999997 2.0248954111162436
Car 0 36.150551812037534 44.60133469441147 0.21768822264394044 3.963000000000008 1.9219215675533667 1.49 1.4712472682932785
Car 0 12.714759391588903 30.53268910956855 0.5359947317237874 3.954 2.0105177372372 1.752 -0.5516332712685492
Car 0 76.83631558067769 36.184090970182815 0.9718053550194863 4.448000000000001 2.2400677688589674 1.8559999999999999 -1.6677419996727862
Car 0 45.73086054950932 43.04345673303495 0.12195028774320393 4.667000000000003 1.8358033593436616 1.4109999999999998 3.0592882867149838
Car 0 145.2627275617482 -67.28390240599128 -0.30088592914947565 4.7259999999999955 2.0183873898551825 1.6720000000000002 -2.557431199641388
Car 0 48.4478784945917 -47.68127214262121 -0.5656723738820932 4.931000000000009 2.181228312546652 1.6319999999999997 2.5121257777349353
Car 0 -3.4746445690739094 3.6729361627352333 0.7114000724465532 4.5760000000000005 1.9808731007915734 1.758 3.133506759882243
Car 0 49.65388004621204 38.26368165376125 0.34925013385945824 4.340999999999998 2.0945671548837135 1.702 -1.580472172697325
Car 0 -57.785554164402875 63.46894851925305 2.1468648707520366 4.34599999999999 2.0896117092628166 1.4920000000000002 -3.079527073301765
Pickup_Truck 0 -18.336459466862273 41.080958245891374 1.0035486133944886 4.688999999999997 2.0951623404071587 1.8909999999999998 1.5327110165276772
Car 0 40.074334429530865 86.07040906014394 2.9320653556169973 4.143000000000009 2.0268470041671653 1.5510000000000002 -1.4950067560864633
Car 0 -6.869078217119117 26.875584571036978 0.666455108869778 4.423000000000001 2.233292899414383 2.038 -0.01690660136082751
Car 0 44.02810353349663 25.262955747845403 0.36751343663404346 5.075000000000003 2.0787748653750224 1.7860000000000003 3.0126498785435283
Car 0 -4.490535079913858 16.969706354852764 0.5454786211509144 4.439000000000001 2.0441442294890844 1.547 -0.01690660136082647
Car 0 133.93560683449982 22.528893736576297 0.29028585970272147 4.871999999999996 2.166625445042755 1.896 -1.566871462715257
Car 0 60.642273216168114 23.74161388117566 0.5188530551008135 4.3870000000000005 2.2953816356249166 2.351 1.4738506539170075
Car 0 50.90978313117108 25.75659940796429 0.312724279169747 4.189999999999999 2.2289042330619084 1.7999999999999996 1.473850653917006
Car 0 -90.92672037466497 0.6714090371182975 0.8951831166663177 4.3669999999999956 2.1115520009983744 1.714 -3.0912034248877673
Car 0 32.59807576096963 88.85911035387282 3.2393883373770995 4.371999999999989 2.0589664433861405 1.7020000000000002 -1.5299130154774887
Car 0 135.41707399517333 41.3648684617078 2.085236612802482 4.566999999999987 2.203004440483319 1.982 -1.5843250671495288
Car 0 4.8959777089023735 12.527069725462965 0.6123923312063138 4.4460000000000015 1.90872421538814 1.7999999999999998 -0.018015732317496078
Car 0 145.0821587269613 -46.668251897393716 -0.4769370673573682 4.9049999999999905 2.0068847729223087 1.72 -2.6272572282244795
Car 0 59.39024613156853 37.2596644951563 0.5289415280513539 4.538000000000003 2.134359542577565 1.7889999999999997 -1.580472172697326
Car 0 68.26043706039462 -77.83293333885462 -0.8591671509766141 4.138999999999998 1.8454612742599674 1.3519999999999999 0.6108501030751011
Car 0 108.58661175777756 29.12550198977781 0.8943762123031672 4.37100000000001 2.304412555998267 1.905 -1.6502877768335678
Car 0 -101.57850275602792 -4.323788874429283 1.1247673594974779 4.366999999999993 2.075978156771559 1.9899999999999995 -3.073749962846731
Car 0 -51.235889174039755 76.80907820814839 2.052364090520491 4.439 1.8063508010850575 1.5830000000000002 0.0837926516752194
Car 0 27.460588676740997 88.8231910236807 2.9494879042926763 4.371999999999998 2.079979057017523 1.8889999999999996 -1.5473663421225223
Car 0 13.378865752994352 45.89204912774299 0.6360125943556849 4.116 1.876707571120159 1.7089999999999999 -0.551633271268547
Car 0 -13.993192727957815 42.55525911090828 0.9927322306068888 4.285999999999998 1.9192561483432544 1.7399999999999998 -1.6263355551061918
Car 0 -124.98761406354518 -0.8533468220794254 1.0188345810467851 4.36700000000001 1.900883849839887 1.629 -3.0912034248877673
Car 0 19.24230931929742 59.849368247185794 1.9661308382781466 4.674 2.1640549606525625 1.821 -0.115936585744333
Car 0 45.426925814862265 37.557308823476106 0.3447389578280834 4.757999999999999 2.016448287318757 1.754 3.024383728154638
Car 0 46.020710196163144 66.94959436331486 2.419734826042874 4.377000000000003 1.9276887353389733 1.7509999999999992 -2.863897817257603
Car 0 333.6879152502989 -7.651680066167211 1.0411004151358734 4.6299999999999635 2.081389625963578 1.7740000000000005 -3.1164461338329565
Car 0 156.44925135079777 28.38263602274663 1.170220994169321 4.414999999999987 2.0369484854618376 1.573 3.139411975365432
Medium-sized_Truck 0 124.67977384784623 54.4225144226859 4.245860944786714 11.257000000000001 3.6212437463347897 4.083999999999999 1.5087589717711707
Car 0 145.57405943188533 -43.63893131825439 -0.5499817475077955 5.084 2.0000928014366055 1.6799999999999997 -2.5574311996413854
Rolling_Containers 0 79.04179183804533 -79.56619885939304 -0.9752179749317951 2.6901962782587607 2.337999999999986 2.064 -1.538486945810914
Car 0 -13.289994728150385 57.00924703299639 1.2740074004992066 4.694 1.9027988221810967 1.7360000000000002 -2.6674485559752474
Car 0 123.2749967545018 38.226843200836925 1.712507832449715 4.261999999999995 2.0749312893650504 1.8070000000000004 1.4913048767562247
Car 0 -57.86078015836972 76.75644474049835 2.245845779129056 4.37399999999999 1.9498517021077344 1.6369999999999996 0.03143229965939974
Car 0 -51.41707084897614 63.89407506471697 2.0503626351649804 4.709999999999996 1.901530721814082 1.4920000000000002 -3.1318869351155136
Car 0 134.43466636858338 29.529871639261064 0.8288626764709212 5.3260000000000005 2.181372382971767 1.8680000000000003 -1.6366866622640648
Car 0 25.009767673218363 88.56965202302364 2.8699681970616586 4.372000000000003 2.047737150322873 1.702 -1.5299130154774871
Car 0 25.309134301188962 83.08661026607184 2.5770710929781457 4.084999999999994 2.2012069356003297 1.9130000000000003 -1.5648198000671105
Car 0 -134.0929135802967 9.724428111549035 0.636562212511527 4.39700000000001 2.020630182044104 1.629 0.05038922870202412
Medium-sized_Truck 0 365.5464588685693 -6.406462127184402 2.418153357907929 8.000000000000004 3.8065053264666693 3.1589999999999985 -3.098992861709015
Car 0 96.90304250047711 30.63276864215416 0.7155532593642233 4.1339999999999995 2.021204855003736 1.416 -1.5804721726973248
Pickup_Truck 0 -44.409703605919155 63.831933093920654 1.7401954280049963 4.638 1.9351239442117898 1.605 2.9944238773227463
Car 0 -112.09462671075838 32.69903588803038 0.44914203659460394 4.500000000000002 2.1214709771388227 1.6420000000000001 -0.11123147819659825
Car 0 359.1101190248909 -51.12650685639378 -0.8963919856025795 4.134000000000014 1.9447525268099246 1.6400000000000006 2.976576714159456
Car 0 -47.58995270278833 2.428873074344161 0.8048896415634759 4.095000000000002 1.9669029675749077 1.677 -3.1147723716418243
Car 0 125.68263391741102 71.54627339033766 5.038403371814467 4.478000000000006 2.0894233887374405 1.89 1.473850653917008
Car 0 20.043565764366377 88.16751165458341 3.0183114631226555 4.371999999999998 2.1512625420012745 1.7949999999999997 -1.5473663421225214
Car 0 330.46235258952663 -47.087930186552605 -0.4027911887714084 4.1339999999999835 1.9447525268099104 1.6399999999999992 2.9765767141594632
Rolling_Containers 0 76.52002828060277 -84.9560900147644 -0.8105580417228331 2.5575440014025683 1.6609999999999954 1.6619999999999997 -1.4512219568816436
Car 0 -110.88712490732865 11.475925159680987 0.49989050390712386 4.39700000000001 2.0264158616472834 1.664 0.05038922870202412
Rolling_Containers 0 73.82306800416102 -84.8745115569836 -0.8196806795758563 2.559915269001146 1.6169999999999902 1.5609999999999997 -1.538486945810907
Car 0 -157.85143256631616 -3.4402604306312288 0.6726201983083623 4.367000000000019 2.0131242290187386 1.629 -3.0562963697150223
Car 0 43.45427086692866 33.934526363107764 0.2497036946857416 4.389999999999998 1.9247251895138835 1.565 -0.3928643710470788
Car 0 42.32209607835122 91.62690708351192 2.8857697143534518 4.1940000000000035 2.1791249881830264 1.702 -1.5299130154774878
Car 0 -108.61707081932782 -0.07155776821801552 1.0335575044156482 4.156999999999998 1.900883849839873 1.6289999999999998 -3.056296369715025
Pedestrian 0 -15.353846308625897 41.526549216250665 1.1306408454525156 1.066633168159766 0.558999999999996 1.8899999999999997 -0.4254215180058906
Car 0 38.35701078187356 25.20722539541239 0.23449039236746486 4.689 1.9294223563767081 1.448 -1.3792621919322832
Car 0 304.79042288445953 -8.68489284638412 0.5321570813033374 4.519000000000011 1.993995760986702 1.6660000000000006 -3.116446133832956
Signs 0 282.50394364186747 -29.575207260850807 1.8391898407398364 2.1333016957536017 0.36499999999997246 4.573 3.0067126915630147
Signs 0 2.2320936205644095 -4.837177182345263 1.5933678092750618 1.7779314691363508 0.3589999999999999 3.6769999999999996 0.09685063451437098
Car 0 -187.1311579320816 -5.8422593843288855 1.173116483797059 4.367000000000019 2.0131242290187323 1.6289999999999998 -3.0562963697150227
Car 0 17.40304586183001 87.56288338114653 2.9298112073599727 4.371999999999996 2.0328790204547995 1.612 1.611679638112306
Car 0 97.86730623000723 -84.31406668918231 -1.2591527366081867 4.0050000000000034 2.2749385187370357 1.638 2.0294037458167926
Car 0 -49.23514131079748 57.13546336682258 0.8620649420305823 4.155999999999991 2.0259039906557295 1.466 -0.9215834554183481
Car 0 -8.182535010306589 31.024504603326484 0.7319289058923015 4.618000000000002 2.2332928994143817 2.0380000000000003 -0.016906601360826865
Car 0 -146.67225487105733 5.803163606999767 0.9740801763693598 4.3969999999999825 2.020630182044095 1.629 0.05038922870202545
Car 0 292.2741462105525 -9.161073535920195 -0.1218300539862569 4.447000000000026 1.993995760986727 1.666 -3.09899286170901
Car 0 -98.60658437546486 24.6029859574992 0.5606610200715554 4.6090000000000035 2.0120040003824418 1.7389999999999999 1.0582913097461617
Pedestrian 0 47.32300399343243 26.309609882655458 0.34501718806026127 1.155000000000006 1.0135459966078515 1.6820000000000002 1.4529603772716362
Signs 0 196.73018442328916 1.2894361365297833 0.7968796825432629 1.9772769995977977 0.26900000000001717 3.332 3.0912631334015797
Car 0 -46.22043318020015 77.45905201836842 2.0705909905986224 4.8989999999999965 1.9498517021077344 1.6369999999999996 0.031432299659399886
Car 0 -112.69217562658059 24.420763688206293 0.8085786496703331 4.499999999999993 2.2773843689680224 1.9929999999999999 -0.11123147819659625
Car 0 42.116642400604746 18.81085932964927 0.33766133881439286 4.979 2.104276357454008 1.826 -0.15677954135692124
Car 0 37.913034050881635 1.988543958520312 0.40696066360589706 4.168999999999995 1.9291069365223072 1.546 3.063837338098432
Car 0 29.00264334927118 15.56717072772101 0.5554046173399254 4.946999999999999 2.119683196755167 1.8719999999999999 -0.055060927320738445
Car 0 96.41058673633192 8.80145331113355 0.21346139734615266 4.621999999999999 2.124356277316805 1.7119999999999997 -0.17479330047011468
Car 0 158.10402764642328 -1.4941205827442303 0.2470600397882884 4.775000000000006 2.0735923256889857 1.7389999999999999 -0.15904217571715437
Bicycle 0 42.010894236870584 -5.323368571874786 0.701317664436099 1.813999999999997 1.1088122745538045 1.797 2.9499349114517592
Car 0 28.33608667861293 -0.38365334208722435 0.44241479997881894 4.135999999999999 1.9360713326882946 1.4959999999999998 3.063837338098432
Pedestrian 0 160.08290443954843 7.61934319231862 0.06643429896545922 1.1152449186744857 0.8420000000000065 1.9360000000000002 -0.3140319381879291
Car 0 94.4776259002194 -28.089805653189032 0.04986606323284454 5.167000000000005 2.1614172634479014 1.833 -0.1773726676273392
Car 0 52.19841917714585 18.366129768404942 0.31191944005220706 4.464000000000001 1.8828486487034017 1.6859999999999995 -0.05688210610914749
Car 0 114.18795937272898 -2.901535015877123 0.4372388862330452 4.971000000000014 2.1022609327180746 1.852 3.0854688627378937
Car 0 167.85194452574711 -19.096786208319987 0.2830237432389753 4.134000000000008 1.9193973219605747 1.4859999999999998 2.994028590900389
